32
1
2
6 4 12 9 0 -1
6 7 12 3 0 3
haar_y3
-0.065701 0 -1
1.155851 -1.071636 
1
2
6 5 12 6 0 -1
10 5 4 6 0 3
haar_x3
0.015840 0 -1
-1.563472 0.768771 
1
2
0 1 24 5 0 -1
8 1 8 5 0 3
haar_x3
0.145709 0 -1
-0.574501 1.380872 
1
2
4 10 18 6 0 -1
4 12 18 2 0 3
haar_y3
0.006139 0 -1
-1.457056 0.516103 
1
3
2 17 12 6 0 -1
2 17 6 3 0 2
8 20 6 3 0 2
haar_x2_y2
0.006718 0 -1
-0.835336 0.585222 
1
2
19 3 4 13 0 -1
19 3 2 13 0 2
haar_x2
0.018518 0 -1
-0.313121 1.169668 
1
2
1 3 4 13 0 -1
3 3 2 13 0 2
haar_x2
0.019958 0 -1
-0.434426 0.954469 
1
2
0 1 24 23 0 -1
8 1 8 23 0 3
haar_x3
-0.277550 0 -1
1.490618 -0.138159 
1
2
1 7 8 12 0 -1
1 11 8 4 0 3
haar_y3
0.009186 0 -1
-0.963615 0.276655 
1
2
14 7 3 14 0 -1
14 14 3 7 0 2
haar_y2
-0.037738 0 -1
-2.446411 0.236196 
1
3
3 12 16 6 0 -1
3 12 8 3 0 2
11 15 8 3 0 2
haar_x2_y2
0.018463 0 -1
0.175392 -1.342313 
1
2
6 6 12 6 0 -1
6 8 12 2 0 3
haar_y3
-0.011115 0 -1
0.487108 -0.898519 
1
2
8 7 6 12 0 -1
8 13 6 6 0 2
haar_y2
0.033928 0 -1
0.178742 -1.634228 
1
2
15 15 9 6 0 -1
15 17 9 2 0 3
haar_y3
-0.035649 0 -1
-1.960740 0.181025 
1
2
1 17 18 3 0 -1
1 18 18 1 0 3
haar_y3
-0.011438 0 -1
0.990107 -0.381032 
1
2
4 4 16 12 0 -1
4 10 16 6 0 2
haar_y2
-0.065236 0 -1
-2.579416 0.247536 
1
2
0 1 4 20 0 -1
2 1 2 20 0 2
haar_x2
-0.042272 0 -1
1.441184 -0.295083 
1
2
3 0 18 2 0 -1
3 1 18 1 0 2
haar_y2
0.001922 0 -1
-0.496086 0.631736 
1
3
1 5 20 14 0 -1
1 5 10 7 0 2
11 12 10 7 0 2
haar_x2_y2
-0.129218 0 -1
-2.331427 0.054497 
1
2
5 8 14 12 0 -1
5 12 14 4 0 3
haar_y3
0.022931 0 -1
-0.844471 0.387381 
1
2
3 14 7 9 0 -1
3 17 7 3 0 3
haar_y3
-0.034120 0 -1
-1.443150 0.098423 
1
2
14 15 9 6 0 -1
14 17 9 2 0 3
haar_y3
0.026223 0 -1
0.182231 -1.258652 
1
2
1 15 9 6 0 -1
1 17 9 2 0 3
haar_y3
0.022237 0 -1
0.069808 -2.382095 
1
3
11 6 8 10 0 -1
15 6 4 5 0 2
11 11 4 5 0 2
haar_x2_y2
-0.005824 0 -1
0.393325 -0.275428 
1
3
5 5 14 14 0 -1
5 5 7 7 0 2
12 12 7 7 0 2
haar_x2_y2
0.043653 0 -1
0.148327 -1.136878 
1
2
6 0 12 5 0 -1
10 0 4 5 0 3
haar_x3
0.057267 0 -1
0.246281 -1.268740 
1
2
9 0 6 9 0 -1
9 3 6 3 0 3
haar_y3
0.002341 0 -1
-0.754489 0.271638 
1
2
9 6 6 9 0 -1
11 6 2 9 0 3
haar_x3
0.012996 0 -1
-0.363949 0.709592 
1
2
7 0 6 9 0 -1
9 0 2 9 0 3
haar_x3
-0.026517 0 -1
-2.322186 0.035744 
1
2
10 6 6 9 0 -1
12 6 2 9 0 3
haar_x3
-0.005840 0 -1
0.421943 -0.048185 
1
2
8 6 6 9 0 -1
10 6 2 9 0 3
haar_x3
-0.016569 0 -1
1.109994 -0.348497 
1
2
3 8 18 4 0 -1
9 8 6 4 0 3
haar_x3
-0.068157 0 -1
-3.326999 0.212990 
-4.453159
