53
1
2
0 2 24 4 0 -1
8 2 8 4 0 3
haar_x3
0.091085 0 -1
-0.892331 1.043423 
1
2
6 8 12 4 0 -1
6 10 12 2 0 2
haar_y2
0.012819 0 -1
-1.259767 0.553171 
1
2
7 5 9 6 0 -1
10 5 3 6 0 3
haar_x3
0.015932 0 -1
-0.862544 0.637318 
1
2
9 17 6 6 0 -1
9 20 6 3 0 2
haar_y2
0.002278 0 -1
-0.746392 0.531556 
1
2
0 7 22 15 0 -1
0 12 22 5 0 3
haar_y3
0.031841 0 -1
-1.265049 0.361539 
1
2
4 1 17 9 0 -1
4 4 17 3 0 3
haar_y3
0.002696 0 -1
-0.982904 0.360130 
1
2
7 5 6 10 0 -1
9 5 2 10 0 3
haar_x3
-0.012055 0 -1
0.640684 -0.501250 
1
2
18 1 6 8 0 -1
18 1 3 8 0 2
haar_x2
0.021325 0 -1
-0.240350 0.854480 
1
2
0 1 6 7 0 -1
3 1 3 7 0 2
haar_x2
0.030486 0 -1
-0.342736 1.142885 
1
2
18 0 6 22 0 -1
18 0 3 22 0 2
haar_x2
-0.045080 0 -1
1.097695 -0.179746 
1
2
0 0 6 22 0 -1
3 0 3 22 0 2
haar_x2
-0.071701 0 -1
1.573500 -0.314335 
1
2
16 7 8 16 0 -1
16 7 4 16 0 2
haar_x2
0.059218 0 -1
-0.275824 1.044857 
1
2
2 10 19 6 0 -1
2 12 19 2 0 3
haar_y3
0.006701 0 -1
-1.097402 0.198012 
1
2
9 9 6 12 0 -1
9 13 6 4 0 3
haar_y3
0.041047 0 -1
0.305477 -1.328800 
1
2
2 15 17 6 0 -1
2 17 17 2 0 3
haar_y3
-0.000855 0 -1
0.258071 -0.700529 
1
2
14 7 3 14 0 -1
14 14 3 7 0 2
haar_y2
-0.030360 0 -1
-1.230642 0.226094 
1
3
5 6 8 10 0 -1
5 6 4 5 0 2
9 11 4 5 0 2
haar_x2_y2
-0.012930 0 -1
0.407586 -0.512345 
1
2
15 8 9 11 0 -1
18 8 3 11 0 3
haar_x3
0.037368 0 -1
-0.094755 0.617651 
1
2
0 8 9 11 0 -1
3 8 3 11 0 3
haar_x3
0.024434 0 -1
-0.411006 0.476305 
1
2
8 6 10 18 0 -1
8 15 10 9 0 2
haar_y2
0.057008 0 -1
0.252493 -0.686698 
1
2
7 7 3 14 0 -1
7 14 3 7 0 2
haar_y2
-0.016314 0 -1
-0.939284 0.114481 
1
2
0 14 24 8 0 -1
8 14 8 8 0 3
haar_x3
-0.176489 0 -1
1.245109 -0.056519 
1
2
1 10 18 14 0 -1
10 10 9 14 0 2
haar_x2
0.176146 0 -1
-0.325282 0.827915 
1
2
14 12 6 6 0 -1
14 15 6 3 0 2
haar_y2
-0.007391 0 -1
0.347837 -0.179291 
1
3
7 0 10 16 0 -1
7 0 5 8 0 2
12 8 5 8 0 2
haar_x2_y2
0.060891 0 -1
0.055098 -1.548078 
1
2
10 0 9 6 0 -1
13 0 3 6 0 3
haar_x3
-0.029123 0 -1
-1.025564 0.241069 
1
2
4 3 16 4 0 -1
12 3 8 4 0 2
haar_x2
-0.045649 0 -1
1.030160 -0.316721 
1
2
10 0 9 6 0 -1
13 0 3 6 0 3
haar_x3
0.037333 0 -1
0.216206 -0.825899 
1
3
1 1 20 4 0 -1
1 1 10 2 0 2
11 3 10 2 0 2
haar_x2_y2
-0.024411 0 -1
-1.595796 0.051139 
1
2
10 0 9 6 0 -1
13 0 3 6 0 3
haar_x3
-0.059807 0 -1
-1.031229 0.130923 
1
2
5 0 9 6 0 -1
8 0 3 6 0 3
haar_x3
-0.030106 0 -1
-1.478163 0.037212 
1
2
8 18 10 6 0 -1
8 20 10 2 0 3
haar_y3
0.007421 0 -1
-0.240241 0.493340 
1
2
6 3 6 9 0 -1
8 3 2 9 0 3
haar_x3
-0.002191 0 -1
0.289415 -0.572596 
1
2
7 3 12 6 0 -1
7 5 12 2 0 3
haar_y3
0.020861 0 -1
-0.231484 0.637659 
1
2
0 10 18 3 0 -1
0 11 18 1 0 3
haar_y3
-0.006699 0 -1
-1.210775 0.064018 
1
2
1 10 22 3 0 -1
1 11 22 1 0 3
haar_y3
0.018758 0 -1
0.244613 -0.997867 
1
2
5 11 8 8 0 -1
9 11 4 8 0 2
haar_x2
-0.044323 0 -1
-1.369919 0.036052 
1
2
12 11 6 6 0 -1
12 11 3 6 0 2
haar_x2
0.022860 0 -1
0.212884 -1.039762 
1
2
6 11 6 6 0 -1
9 11 3 6 0 2
haar_x2
-0.000986 0 -1
0.324436 -0.542918 
1
2
7 10 11 6 0 -1
7 12 11 2 0 3
haar_y3
0.017239 0 -1
-0.283239 0.444682 
1
3
0 13 24 4 0 -1
0 13 12 2 0 2
12 15 12 2 0 2
haar_x2_y2
-0.034531 0 -1
-2.310702 -0.003140 
1
3
2 4 22 12 0 -1
13 4 11 6 0 2
2 10 11 6 0 2
haar_x2_y2
0.067007 0 -1
0.287157 -0.644810 
1
2
2 0 20 17 0 -1
12 0 10 17 0 2
haar_x2
0.237769 0 -1
-0.271748 0.802191 
1
2
14 0 2 24 0 -1
14 0 1 24 0 2
haar_x2
-0.012903 0 -1
-1.531762 0.214236 
1
2
8 0 2 24 0 -1
9 0 1 24 0 2
haar_x2
0.010515 0 -1
0.077038 -1.058114 
1
2
14 1 2 22 0 -1
14 1 1 22 0 2
haar_x2
0.016969 0 -1
0.143067 -0.858284 
1
2
8 1 2 22 0 -1
9 1 1 22 0 2
haar_x2
-0.007246 0 -1
-1.102013 0.064907 
1
2
17 6 3 18 0 -1
18 6 1 18 0 3
haar_x3
0.010557 0 -1
0.013964 0.636015 
1
2
6 14 9 6 0 -1
6 16 9 2 0 3
haar_y3
0.006138 0 -1
-0.345459 0.562968 
1
2
13 14 9 4 0 -1
13 16 9 2 0 2
haar_y2
0.013158 0 -1
0.199273 -1.504032 
1
2
3 18 18 3 0 -1
3 19 18 1 0 3
haar_y3
0.003131 0 -1
-0.409037 0.377964 
1
3
9 4 8 18 0 -1
13 4 4 9 0 2
9 13 4 9 0 2
haar_x2_y2
-0.109207 0 -1
-2.222708 0.121782 
1
2
0 17 18 3 0 -1
0 18 18 1 0 3
haar_y3
0.008182 0 -1
-0.286520 0.678908 
-4.129930
