99
1
2
6 0 11 9 0 -1
6 3 11 3 0 3
haar_y3
0.040673 0 -1
-0.904747 0.644106 
1
2
6 6 12 5 0 -1
10 6 4 5 0 3
haar_x3
0.025610 0 -1
-0.792170 0.574900 
1
2
0 0 24 5 0 -1
8 0 8 5 0 3
haar_x3
0.199595 0 -1
-0.300996 1.314385 
1
2
1 10 23 6 0 -1
1 12 23 2 0 3
haar_y3
0.012405 0 -1
-0.898830 0.292058 
1
2
3 21 18 3 0 -1
9 21 6 3 0 3
haar_x3
0.039208 0 -1
-0.419552 0.534633 
1
2
3 6 21 6 0 -1
3 8 21 2 0 3
haar_y3
-0.030844 0 -1
0.457934 -0.446291 
1
2
0 5 6 12 0 -1
2 5 2 12 0 3
haar_x3
-0.035523 0 -1
0.913105 -0.273732 
1
2
10 2 4 15 0 -1
10 7 4 5 0 3
haar_y3
-0.061650 0 -1
-1.469780 0.203641 
1
2
8 7 8 10 0 -1
8 12 8 5 0 2
haar_y2
-0.011740 0 -1
-1.048288 0.067802 
1
2
5 7 15 12 0 -1
10 7 5 12 0 3
haar_x3
0.066934 0 -1
0.292745 -0.522829 
1
2
0 17 10 6 0 -1
0 19 10 2 0 3
haar_y3
-0.020631 0 -1
-1.285514 0.044551 
1
2
14 18 9 6 0 -1
14 20 9 2 0 3
haar_y3
-0.022357 0 -1
-0.857538 0.184340 
1
2
9 6 6 16 0 -1
9 14 6 8 0 2
haar_y2
0.001150 0 -1
0.164055 -0.691250 
1
2
14 18 9 6 0 -1
14 20 9 2 0 3
haar_y3
0.035873 0 -1
0.157565 -0.842626 
1
2
1 18 9 6 0 -1
1 20 9 2 0 3
haar_y3
0.030660 0 -1
0.021637 -1.363469 
1
2
15 9 9 6 0 -1
15 11 9 2 0 3
haar_y3
0.005556 0 -1
-0.167370 0.258884 
1
2
0 9 9 6 0 -1
0 11 9 2 0 3
haar_y3
-0.006116 0 -1
-0.972718 0.066100 
1
2
17 3 6 9 0 -1
19 3 2 9 0 3
haar_x3
-0.030317 0 -1
0.984742 -0.016448 
1
2
2 17 18 3 0 -1
2 18 18 1 0 3
haar_y3
-0.009720 0 -1
0.476047 -0.325167 
1
2
3 15 21 6 0 -1
3 17 21 2 0 3
haar_y3
-0.057127 0 -1
-0.959207 0.199382 
1
2
9 17 6 6 0 -1
9 20 6 3 0 2
haar_y2
0.004006 0 -1
-0.526125 0.224287 
1
2
18 3 6 9 0 -1
18 6 6 3 0 3
haar_y3
0.033734 0 -1
0.170701 -1.073758 
1
2
0 3 6 9 0 -1
0 6 6 3 0 3
haar_y3
-0.034642 0 -1
-1.134313 0.036540 
1
3
4 0 16 10 0 -1
12 0 8 5 0 2
4 5 8 5 0 2
haar_x2_y2
0.046923 0 -1
0.258323 -0.715358 
1
3
2 0 10 16 0 -1
2 0 5 8 0 2
7 8 5 8 0 2
haar_x2_y2
-0.008766 0 -1
0.196409 -0.533551 
1
2
14 0 10 5 0 -1
14 0 5 5 0 2
haar_x2
0.065628 0 -1
-0.051195 0.976107 
1
2
0 0 10 5 0 -1
5 0 5 5 0 2
haar_x2
-0.044165 0 -1
1.063192 -0.234626 
1
2
18 3 6 10 0 -1
18 3 3 10 0 2
haar_x2
0.017305 0 -1
-0.185829 0.458899 
1
3
5 11 12 6 0 -1
5 11 6 3 0 2
11 14 6 3 0 2
haar_x2_y2
0.033136 0 -1
-0.029382 -2.665133 
1
2
21 0 3 18 0 -1
22 0 1 18 0 3
haar_x3
-0.021030 0 -1
0.999799 0.024937 
1
2
6 0 6 9 0 -1
8 0 2 9 0 3
haar_x3
0.029784 0 -1
-0.029606 -2.169587 
1
2
8 8 9 7 0 -1
11 8 3 7 0 3
haar_x3
0.055292 0 -1
-0.000756 0.746520 
1
3
7 12 8 10 0 -1
7 12 4 5 0 2
11 17 4 5 0 2
haar_x2_y2
-0.033598 0 -1
-1.527416 0.011060 
1
2
21 0 3 18 0 -1
22 0 1 18 0 3
haar_x3
0.019603 0 -1
0.033575 0.995262 
1
2
10 6 4 9 0 -1
12 6 2 9 0 2
haar_x2
-0.020787 0 -1
0.766129 -0.246708 
1
2
15 0 9 6 0 -1
15 2 9 2 0 3
haar_y3
0.032536 0 -1
0.162634 -0.611343 
1
2
0 2 24 3 0 -1
0 3 24 1 0 3
haar_y3
-0.010788 0 -1
-0.978397 0.028970 
1
2
11 7 6 9 0 -1
13 7 2 9 0 3
haar_x3
-0.009956 0 -1
0.461458 -0.135105 
1
2
7 6 6 10 0 -1
9 6 2 10 0 3
haar_x3
-0.003749 0 -1
0.254582 -0.519556 
1
2
12 1 6 12 0 -1
14 1 2 12 0 3
haar_x3
-0.041780 0 -1
-0.805651 0.152085 
1
2
6 4 12 12 0 -1
6 10 12 6 0 2
haar_y2
-0.034221 0 -1
-1.313780 -0.003580 
1
2
14 3 2 21 0 -1
14 3 1 21 0 2
haar_x2
0.010130 0 -1
0.201758 -0.613396 
1
2
6 1 12 8 0 -1
6 5 12 4 0 2
haar_y2
-0.089849 0 -1
0.976328 -0.208848 
1
2
3 0 18 8 0 -1
3 4 18 4 0 2
haar_y2
0.026098 0 -1
-0.188080 0.477058 
1
2
3 0 18 3 0 -1
3 1 18 1 0 3
haar_y3
-0.003754 0 -1
-0.679804 0.112888 
1
3
0 13 24 4 0 -1
12 13 12 2 0 2
0 15 12 2 0 2
haar_x2_y2
0.031973 0 -1
0.189517 -1.496748 
1
2
10 5 4 9 0 -1
12 5 2 9 0 2
haar_x2
0.019333 0 -1
-0.236099 0.813205 
1
2
11 1 6 9 0 -1
13 1 2 9 0 3
haar_x3
0.001949 0 -1
0.248304 -0.069212 
1
2
6 2 6 22 0 -1
8 2 2 22 0 3
haar_x3
-0.044147 0 -1
-1.041892 0.048053 
1
3
16 10 8 14 0 -1
20 10 4 7 0 2
16 17 4 7 0 2
haar_x2_y2
-0.044682 0 -1
0.513463 -0.007380 
1
2
3 4 16 15 0 -1
3 9 16 5 0 3
haar_y3
-0.107575 0 -1
1.620202 -0.186676 
1
3
16 10 8 14 0 -1
20 10 4 7 0 2
16 17 4 7 0 2
haar_x2_y2
-0.128468 0 -1
2.986948 0.095428 
1
3
0 10 8 14 0 -1
0 10 4 7 0 2
4 17 4 7 0 2
haar_x2_y2
-0.044758 0 -1
0.604053 -0.270587 
1
2
10 14 11 6 0 -1
10 17 11 3 0 2
haar_y2
-0.043991 0 -1
-0.617905 0.159972 
1
2
0 7 24 9 0 -1
8 7 8 9 0 3
haar_x3
-0.122690 0 -1
0.663272 -0.236370 
1
2
13 1 4 16 0 -1
13 1 2 16 0 2
haar_x2
-0.019983 0 -1
-1.122866 0.196167 
1
2
7 1 4 16 0 -1
9 1 2 16 0 2
haar_x2
-0.015528 0 -1
-1.077027 0.020693 
1
3
5 5 16 8 0 -1
13 5 8 4 0 2
5 9 8 4 0 2
haar_x2_y2
-0.048971 0 -1
0.811683 -0.017252 
1
2
0 9 6 9 0 -1
0 12 6 3 0 3
haar_y3
0.055976 0 -1
-0.022529 -1.735676 
1
2
6 16 18 3 0 -1
6 17 18 1 0 3
haar_y3
-0.009858 0 -1
0.678814 -0.058180 
1
2
3 12 6 9 0 -1
3 15 6 3 0 3
haar_y3
0.013481 0 -1
0.057848 -0.772553 
1
2
8 14 9 6 0 -1
8 16 9 2 0 3
haar_y3
0.006561 0 -1
-0.131469 0.670558 
1
3
2 13 8 10 0 -1
2 13 4 5 0 2
6 18 4 5 0 2
haar_x2_y2
0.007115 0 -1
-0.378806 0.309790 
1
2
15 5 3 18 0 -1
15 11 3 6 0 3
haar_y3
0.004816 0 -1
-0.584704 0.256021 
1
2
3 5 18 3 0 -1
3 6 18 1 0 3
haar_y3
0.009532 0 -1
-0.302170 0.412533 
1
2
17 5 6 11 0 -1
19 5 2 11 0 3
haar_x3
-0.027475 0 -1
0.591547 0.017964 
1
2
1 5 6 11 0 -1
3 5 2 11 0 3
haar_x3
-0.039520 0 -1
0.969135 -0.210203 
1
2
19 1 4 9 0 -1
19 1 2 9 0 2
haar_x2
-0.030659 0 -1
0.911559 0.040550 
1
2
1 1 4 9 0 -1
3 1 2 9 0 2
haar_x2
-0.001468 0 -1
-0.604898 0.169609 
1
2
4 15 18 9 0 -1
4 15 9 9 0 2
haar_x2
0.190776 0 -1
0.043515 0.818929 
1
2
6 9 12 4 0 -1
6 11 12 2 0 2
haar_y2
0.005179 0 -1
-0.936173 0.024937 
1
2
15 2 9 6 0 -1
15 4 9 2 0 3
haar_y3
0.024126 0 -1
0.181755 -0.341859 
1
2
0 2 9 6 0 -1
0 4 9 2 0 3
haar_y3
-0.026384 0 -1
-1.291258 -0.003428 
1
2
15 0 6 17 0 -1
17 0 2 17 0 3
haar_x3
0.005414 0 -1
-0.046292 0.252696 
1
2
3 0 6 17 0 -1
5 0 2 17 0 3
haar_x3
0.054216 0 -1
-0.012848 -1.430454 
1
2
8 17 9 4 0 -1
8 19 9 2 0 2
haar_y2
0.000238 0 -1
-0.266767 0.335883 
1
2
6 5 3 18 0 -1
6 11 3 6 0 3
haar_y3
0.015217 0 -1
-0.513673 0.130051 
1
2
5 2 14 12 0 -1
5 8 14 6 0 2
haar_y2
0.017008 0 -1
0.415759 -0.312412 
1
2
10 2 3 12 0 -1
10 8 3 6 0 2
haar_y2
0.030497 0 -1
-0.248210 0.708285 
1
2
10 7 14 15 0 -1
10 12 14 5 0 3
haar_y3
0.006543 0 -1
-0.226370 0.191846 
1
2
0 7 14 15 0 -1
0 12 14 5 0 3
haar_y3
0.141640 0 -1
0.065227 -0.888095 
1
2
15 0 9 6 0 -1
15 2 9 2 0 3
haar_y3
0.019338 0 -1
0.188912 -0.273977 
1
2
0 0 9 6 0 -1
0 2 9 2 0 3
haar_y3
-0.017324 0 -1
-0.948667 0.024197 
1
2
12 6 6 14 0 -1
14 6 2 14 0 3
haar_x3
-0.006207 0 -1
0.369384 -0.174949 
1
2
9 7 6 9 0 -1
11 7 2 9 0 3
haar_x3
-0.016109 0 -1
0.961595 -0.200053 
1
2
12 6 6 15 0 -1
14 6 2 15 0 3
haar_x3
-0.101225 0 -1
-3.069911 0.113638 
1
2
6 6 6 15 0 -1
8 6 2 15 0 3
haar_x3
-0.007551 0 -1
0.229210 -0.456451 
1
2
15 3 8 9 0 -1
15 3 4 9 0 2
haar_x2
0.044248 0 -1
-0.000316 0.392253 
1
2
0 0 9 21 0 -1
3 0 3 21 0 3
haar_x3
-0.116360 0 -1
0.952337 -0.202016 
1
2
11 9 8 12 0 -1
11 13 8 4 0 3
haar_y3
0.004736 0 -1
-0.099177 0.203705 
1
3
6 7 10 12 0 -1
6 7 5 6 0 2
11 13 5 6 0 2
haar_x2_y2
0.022459 0 -1
0.008728 -1.021707 
1
3
10 6 4 18 0 -1
12 6 2 9 0 2
10 15 2 9 0 2
haar_x2_y2
-0.012109 0 -1
0.648126 -0.090149 
1
2
0 0 6 9 0 -1
0 3 6 3 0 3
haar_y3
0.056120 0 -1
-0.036760 -1.927559 
1
2
3 14 18 3 0 -1
3 15 18 1 0 3
haar_y3
-0.008738 0 -1
0.692613 -0.068375 
1
3
3 14 8 10 0 -1
3 14 4 5 0 2
7 19 4 5 0 2
haar_x2_y2
0.006640 0 -1
-0.405698 0.186257 
1
3
0 12 24 4 0 -1
12 12 12 2 0 2
0 14 12 2 0 2
haar_x2_y2
-0.018132 0 -1
-0.645182 0.219764 
1
2
0 2 3 20 0 -1
1 2 1 20 0 3
haar_x3
-0.022719 0 -1
0.977762 -0.186543 
1
3
12 16 10 8 0 -1
17 16 5 4 0 2
12 20 5 4 0 2
haar_x2_y2
0.012705 0 -1
-0.105466 0.374041 
1
3
2 16 10 8 0 -1
2 16 5 4 0 2
7 20 5 4 0 2
haar_x2_y2
-0.013683 0 -1
0.610641 -0.268811 
-3.870049
