127
1
2
2 0 18 9 0 -1
2 3 18 3 0 3
haar_y3
0.048344 0 -1
-0.849046 0.569744 
1
2
6 3 12 8 0 -1
10 3 4 8 0 3
haar_x3
0.032460 0 -1
-0.814173 0.447817 
1
2
1 1 8 5 0 -1
5 1 4 5 0 2
haar_x2
0.033340 0 -1
-0.364238 0.679374 
1
2
12 7 7 8 0 -1
12 11 7 4 0 2
haar_y2
0.006402 0 -1
-1.188546 0.192387 
1
2
0 12 22 4 0 -1
0 14 22 2 0 2
haar_y2
-0.005689 0 -1
0.330853 -0.713341 
1
2
15 6 4 15 0 -1
15 11 4 5 0 3
haar_y3
0.012698 0 -1
-0.509908 0.113763 
1
2
5 7 7 8 0 -1
5 11 7 4 0 2
haar_y2
0.006055 0 -1
-1.047055 0.202226 
1
2
8 18 9 4 0 -1
8 20 9 2 0 2
haar_y2
0.002642 0 -1
-0.505594 0.364412 
1
2
1 2 22 4 0 -1
1 4 22 2 0 2
haar_y2
-0.016926 0 -1
-0.995419 0.126022 
1
2
17 3 6 17 0 -1
19 3 2 17 0 3
haar_x3
0.028236 0 -1
-0.094138 0.577804 
1
2
8 2 8 18 0 -1
8 11 8 9 0 2
haar_y2
0.010429 0 -1
0.232729 -0.525697 
1
3
17 0 6 12 0 -1
20 0 3 6 0 2
17 6 3 6 0 2
haar_x2_y2
0.009886 0 -1
-0.103163 0.476576 
1
2
7 0 6 9 0 -1
9 0 2 9 0 3
haar_x3
0.026015 0 -1
-0.001092 -1.558173 
1
2
15 5 9 12 0 -1
15 11 9 6 0 2
haar_y2
-0.025538 0 -1
-0.654514 0.188432 
1
2
2 22 18 2 0 -1
2 23 18 1 0 2
haar_y2
-0.003531 0 -1
0.281406 -0.445753 
1
3
10 10 12 6 0 -1
16 10 6 3 0 2
10 13 6 3 0 2
haar_x2_y2
0.009245 0 -1
0.156120 -0.213710 
1
2
0 1 4 11 0 -1
2 1 2 11 0 2
haar_x2
0.021031 0 -1
-0.291703 0.522341 
1
2
20 0 4 10 0 -1
20 0 2 10 0 2
haar_x2
-0.051063 0 -1
1.366129 0.030466 
1
2
1 3 6 17 0 -1
3 3 2 17 0 3
haar_x3
-0.062330 0 -1
1.220702 -0.224344 
1
2
15 15 9 6 0 -1
15 17 9 2 0 3
haar_y3
-0.032963 0 -1
-0.820168 0.145319 
1
2
0 13 8 9 0 -1
0 16 8 3 0 3
haar_y3
-0.037418 0 -1
-1.221810 0.019449 
1
2
16 8 6 12 0 -1
16 12 6 4 0 3
haar_y3
0.124028 0 -1
0.120823 -0.987293 
1
2
2 8 6 12 0 -1
2 12 6 4 0 3
haar_y3
-0.008923 0 -1
-1.168849 0.021105 
1
2
10 2 4 15 0 -1
10 7 4 5 0 3
haar_y3
-0.059880 0 -1
-1.068933 0.198602 
1
2
1 5 19 3 0 -1
1 6 19 1 0 3
haar_y3
0.006262 0 -1
-0.362296 0.380008 
1
2
11 8 9 7 0 -1
14 8 3 7 0 3
haar_x3
-0.017673 0 -1
0.490941 -0.146067 
1
2
3 8 12 9 0 -1
3 11 12 3 0 3
haar_y3
0.017579 0 -1
0.587281 -0.277744 
1
2
3 6 18 3 0 -1
3 7 18 1 0 3
haar_y3
0.005156 0 -1
-0.075195 0.601931 
1
2
10 0 4 12 0 -1
10 6 4 6 0 2
haar_y2
-0.010600 0 -1
0.276374 -0.377943 
1
2
3 9 18 14 0 -1
3 9 9 14 0 2
haar_x2
0.208841 0 -1
-0.005360 1.031781 
1
2
0 0 4 9 0 -1
2 0 2 9 0 2
haar_x2
-0.026413 0 -1
0.823364 -0.224806 
1
2
12 5 4 18 0 -1
12 5 2 18 0 2
haar_x2
0.058892 0 -1
0.130983 -1.185370 
1
2
8 5 4 18 0 -1
10 5 2 18 0 2
haar_x2
-0.011579 0 -1
-0.906678 0.044127 
1
2
10 5 6 10 0 -1
12 5 2 10 0 3
haar_x3
0.045988 0 -1
0.010144 1.074090 
1
2
9 4 4 11 0 -1
11 4 2 11 0 2
haar_x2
-0.022838 0 -1
1.779199 -0.173155 
1
2
4 16 18 3 0 -1
4 17 18 1 0 3
haar_y3
-0.008171 0 -1
0.573863 -0.074106 
1
2
0 16 20 3 0 -1
0 17 20 1 0 3
haar_y3
0.003536 0 -1
-0.320729 0.401825 
1
2
9 9 6 12 0 -1
9 13 6 4 0 3
haar_y3
0.049445 0 -1
0.192880 -1.216670 
1
2
8 13 8 8 0 -1
8 17 8 4 0 2
haar_y2
0.003514 0 -1
0.069568 -0.713237 
1
2
13 10 3 12 0 -1
13 16 3 6 0 2
haar_y2
-0.030996 0 -1
-0.388622 0.180988 
1
3
5 9 14 14 0 -1
5 9 7 7 0 2
12 16 7 7 0 2
haar_x2_y2
0.086453 0 -1
-0.025793 -1.545322 
1
3
0 0 24 10 0 -1
12 0 12 5 0 2
0 5 12 5 0 2
haar_x2_y2
-0.136526 0 -1
-1.919942 0.166133 
1
2
1 11 18 2 0 -1
1 12 18 1 0 2
haar_y2
-0.005769 0 -1
-1.282259 -0.015908 
1
2
19 5 5 12 0 -1
19 9 5 4 0 3
haar_y3
-0.017900 0 -1
-0.404099 0.235916 
1
2
0 5 5 12 0 -1
0 9 5 4 0 3
haar_y3
-0.019970 0 -1
-0.728919 0.056235 
1
3
16 6 8 18 0 -1
20 6 4 9 0 2
16 15 4 9 0 2
haar_x2_y2
-0.057493 0 -1
0.578308 -0.015796 
1
3
0 6 8 18 0 -1
0 6 4 9 0 2
4 15 4 9 0 2
haar_x2_y2
-0.083056 0 -1
0.915116 -0.211214 
1
3
12 5 12 12 0 -1
18 5 6 6 0 2
12 11 6 6 0 2
haar_x2_y2
-0.053771 0 -1
-0.519313 0.185760 
1
2
7 6 6 9 0 -1
9 6 2 9 0 3
haar_x3
-0.008367 0 -1
0.241097 -0.396486 
1
2
9 13 6 11 0 -1
11 13 2 11 0 3
haar_x3
0.055407 0 -1
0.167712 -2.566497 
1
3
0 5 12 12 0 -1
0 5 6 6 0 2
6 11 6 6 0 2
haar_x2_y2
-0.067181 0 -1
-1.365857 -0.014232 
1
2
1 2 23 3 0 -1
1 3 23 1 0 3
haar_y3
-0.023900 0 -1
-1.708457 0.165078 
1
2
1 15 19 3 0 -1
1 16 19 1 0 3
haar_y3
0.005595 0 -1
-0.313740 0.328379 
1
2
13 17 11 4 0 -1
13 19 11 2 0 2
haar_y2
0.021295 0 -1
0.149534 -0.485798 
1
2
0 13 8 5 0 -1
4 13 4 5 0 2
haar_x2
-0.024613 0 -1
0.743464 -0.223052 
1
2
12 10 10 4 0 -1
12 10 5 4 0 2
haar_x2
-0.019626 0 -1
-0.409183 0.188932 
1
2
4 6 9 9 0 -1
4 9 9 3 0 3
haar_y3
-0.053266 0 -1
0.813816 -0.208537 
1
2
15 14 9 6 0 -1
15 16 9 2 0 3
haar_y3
0.007129 0 -1
0.329961 -0.599374 
1
2
1 12 9 6 0 -1
1 14 9 2 0 3
haar_y3
-0.022487 0 -1
-1.255161 -0.020413 
1
3
3 10 20 8 0 -1
13 10 10 4 0 2
3 14 10 4 0 2
haar_x2_y2
-0.082311 0 -1
1.382143 0.059309 
1
2
2 0 9 18 0 -1
5 0 3 18 0 3
haar_x3
0.130970 0 -1
-0.035844 -1.539637 
1
2
13 11 9 10 0 -1
16 11 3 10 0 3
haar_x3
0.014293 0 -1
-0.184752 0.374550 
1
2
1 2 8 5 0 -1
5 2 4 5 0 2
haar_x2
0.006348 0 -1
-0.449011 0.138770 
1
2
3 4 21 6 0 -1
10 4 7 6 0 3
haar_x3
-0.046055 0 -1
0.678326 -0.017072 
1
3
7 0 10 14 0 -1
7 0 5 7 0 2
12 7 5 7 0 2
haar_x2_y2
0.057694 0 -1
-0.011956 -1.226116 
1
2
12 17 12 4 0 -1
12 19 12 2 0 2
haar_y2
-0.006061 0 -1
0.339586 0.000628 
1
2
0 6 23 4 0 -1
0 8 23 2 0 2
haar_y2
-0.052163 0 -1
-1.062107 -0.013780 
1
3
13 10 8 10 0 -1
17 10 4 5 0 2
13 15 4 5 0 2
haar_x2_y2
0.046573 0 -1
0.145388 -1.238455 
1
2
0 16 18 3 0 -1
0 17 18 1 0 3
haar_y3
0.007531 0 -1
-0.244677 0.513771 
1
2
15 16 9 4 0 -1
15 18 9 2 0 2
haar_y2
0.021615 0 -1
0.130726 -0.709968 
1
2
0 16 9 4 0 -1
0 18 9 2 0 2
haar_y2
-0.017864 0 -1
-1.047466 0.000496 
1
2
13 11 6 6 0 -1
13 11 3 6 0 2
haar_x2
-0.037195 0 -1
-1.512673 0.148014 
1
2
5 11 6 6 0 -1
8 11 3 6 0 2
haar_x2
-0.000311 0 -1
0.139715 -0.468675 
1
3
0 3 24 6 0 -1
12 3 12 3 0 2
0 6 12 3 0 2
haar_x2_y2
0.025043 0 -1
0.286320 -0.417947 
1
2
2 4 18 3 0 -1
2 5 18 1 0 3
haar_y3
0.009345 0 -1
-0.273362 0.434447 
1
3
0 0 24 4 0 -1
12 0 12 2 0 2
0 2 12 2 0 2
haar_x2_y2
0.032364 0 -1
0.184389 -0.950193 
1
2
1 16 18 3 0 -1
1 17 18 1 0 3
haar_y3
-0.006230 0 -1
0.325820 -0.308156 
1
2
15 15 9 6 0 -1
15 17 9 2 0 3
haar_y3
0.051489 0 -1
0.114160 -1.979548 
1
2
0 15 9 6 0 -1
0 17 9 2 0 3
haar_y3
-0.026449 0 -1
-1.106730 -0.008552 
1
2
6 17 18 3 0 -1
6 18 18 1 0 3
haar_y3
-0.015420 0 -1
0.801387 -0.032035 
1
2
8 8 6 10 0 -1
10 8 2 10 0 3
haar_x3
0.019457 0 -1
-0.264495 0.387539 
1
2
10 6 6 9 0 -1
12 6 2 9 0 3
haar_x3
0.033621 0 -1
0.016052 0.588409 
1
2
8 8 5 8 0 -1
8 12 5 4 0 2
haar_y2
0.028906 0 -1
0.015216 -0.947236 
1
2
12 8 6 8 0 -1
12 12 6 4 0 2
haar_y2
0.000203 0 -1
-0.307660 0.212359 
1
2
6 5 6 11 0 -1
8 5 2 11 0 3
haar_x3
-0.049142 0 -1
-1.605861 -0.031095 
1
2
13 6 8 9 0 -1
13 9 8 3 0 3
haar_y3
0.076426 0 -1
0.074759 1.163941 
1
2
1 7 21 6 0 -1
1 9 21 2 0 3
haar_y3
0.023898 0 -1
-0.006432 -1.115075 
1
2
15 5 3 12 0 -1
15 11 3 6 0 2
haar_y2
0.003897 0 -1
-0.241057 0.208589 
1
2
6 9 11 12 0 -1
6 13 11 4 0 3
haar_y3
-0.089445 0 -1
1.915779 -0.157211 
1
3
13 8 10 8 0 -1
18 8 5 4 0 2
13 12 5 4 0 2
haar_x2_y2
-0.015009 0 -1
-0.251741 0.181799 
1
2
5 8 12 3 0 -1
11 8 6 3 0 2
haar_x2
-0.011146 0 -1
-0.693495 0.044928 
1
2
6 11 18 4 0 -1
12 11 6 4 0 3
haar_x3
0.094579 0 -1
0.181021 -0.749786 
1
2
0 0 22 22 0 -1
0 11 22 11 0 2
haar_y2
0.550389 0 -1
-0.030974 -1.674614 
1
2
11 2 6 8 0 -1
11 6 6 4 0 2
haar_y2
0.041381 0 -1
0.063910 0.765612 
1
2
9 0 6 9 0 -1
11 0 2 9 0 3
haar_x3
0.024772 0 -1
0.011380 -0.885594 
1
2
10 0 6 9 0 -1
12 0 2 9 0 3
haar_x3
0.050999 0 -1
0.148903 -2.463421 
1
3
8 3 6 14 0 -1
8 3 3 7 0 2
11 10 3 7 0 2
haar_x2_y2
-0.016894 0 -1
0.388710 -0.298803 
1
2
3 10 18 8 0 -1
9 10 6 8 0 3
haar_x3
-0.121623 0 -1
-1.554280 0.163008 
1
2
10 0 3 14 0 -1
10 7 3 7 0 2
haar_y2
-0.003605 0 -1
0.218428 -0.373121 
1
2
4 3 16 20 0 -1
4 13 16 10 0 2
haar_y2
0.115754 0 -1
-0.047061 0.594037 
1
2
9 4 6 10 0 -1
11 4 2 10 0 3
haar_x3
0.036904 0 -1
-0.255086 0.553973 
1
2
5 0 16 4 0 -1
5 2 16 2 0 2
haar_y2
0.011484 0 -1
-0.181295 0.406828 
1
2
2 5 18 4 0 -1
8 5 6 4 0 3
haar_x3
-0.020234 0 -1
0.543112 -0.238224 
1
2
13 0 6 9 0 -1
15 0 2 9 0 3
haar_x3
-0.028765 0 -1
-0.691723 0.159433 
1
2
8 4 8 5 0 -1
12 4 4 5 0 2
haar_x2
-0.005832 0 -1
0.294478 -0.340060 
1
2
12 10 10 4 0 -1
12 10 5 4 0 2
haar_x2
-0.055469 0 -1
0.922008 0.094093 
1
2
2 10 10 4 0 -1
7 10 5 4 0 2
haar_x2
-0.014801 0 -1
-0.795397 0.031522 
1
2
7 11 12 5 0 -1
11 11 4 5 0 3
haar_x3
-0.007094 0 -1
0.330960 -0.050887 
1
3
3 10 8 10 0 -1
3 10 4 5 0 2
7 15 4 5 0 2
haar_x2_y2
-0.045124 0 -1
-1.371975 -0.021409 
1
2
11 12 9 8 0 -1
14 12 3 8 0 3
haar_x3
0.064377 0 -1
0.063902 0.914783 
1
2
0 21 24 3 0 -1
8 21 8 3 0 3
haar_x3
-0.014727 0 -1
0.360506 -0.286145 
1
2
3 20 18 4 0 -1
9 20 6 4 0 3
haar_x3
0.045007 0 -1
-0.156197 0.531603 
1
2
1 15 9 6 0 -1
1 17 9 2 0 3
haar_y3
-0.001133 0 -1
0.134229 -0.443589 
1
2
11 17 10 4 0 -1
11 19 10 2 0 2
haar_y2
0.049451 0 -1
0.105718 -2.558914 
1
2
9 12 4 12 0 -1
9 18 4 6 0 2
haar_y2
0.029103 0 -1
-0.010088 -1.107394 
1
2
9 6 9 6 0 -1
12 6 3 6 0 3
haar_x3
0.034786 0 -1
-0.002772 0.567010 
1
2
1 13 6 9 0 -1
1 16 6 3 0 3
haar_y3
-0.006131 0 -1
-0.468894 0.126364 
1
2
6 16 12 4 0 -1
6 18 12 2 0 2
haar_y2
0.015525 0 -1
-0.008428 0.874692 
1
2
1 5 20 3 0 -1
1 6 20 1 0 3
haar_y3
0.002925 0 -1
-0.344343 0.208516 
1
2
8 1 9 9 0 -1
8 4 9 3 0 3
haar_y3
-0.053571 0 -1
1.498295 0.057328 
1
2
2 19 9 4 0 -1
2 21 9 2 0 2
haar_y2
-0.019218 0 -1
-0.992341 -0.009392 
1
2
11 1 4 18 0 -1
11 7 4 6 0 3
haar_y3
-0.055283 0 -1
-0.576823 0.168606 
1
3
7 2 8 12 0 -1
7 2 4 6 0 2
11 8 4 6 0 2
haar_x2_y2
0.056336 0 -1
-0.033775 -1.388965 
1
2
11 10 9 8 0 -1
14 10 3 8 0 3
haar_x3
-0.023824 0 -1
0.401821 0.001836 
1
2
5 11 12 5 0 -1
9 11 4 5 0 3
haar_x3
0.001781 0 -1
0.181460 -0.417434 
1
2
11 9 9 6 0 -1
14 9 3 6 0 3
haar_x3
-0.037689 0 -1
0.546831 0.018220 
1
2
5 10 6 9 0 -1
7 10 2 9 0 3
haar_x3
-0.024145 0 -1
0.683521 -0.196502 
-3.564529
