27
1
2
0 3 24 3 0 -1
8 3 8 3 0 3
haar_x3
0.069747 0 -1
-1.013088 1.468735 
1
2
5 8 15 6 0 -1
5 11 15 3 0 2
haar_y2
0.031503 0 -1
-1.646364 1.000063 
1
2
9 6 5 14 0 -1
9 13 5 7 0 2
haar_y2
0.014261 0 -1
0.464803 -1.595989 
1
2
9 5 6 10 0 -1
11 5 2 10 0 3
haar_x3
0.014453 0 -1
-0.655119 0.830218 
1
2
6 6 3 12 0 -1
6 12 3 6 0 2
haar_y2
-0.003051 0 -1
-1.398231 0.425506 
1
2
3 21 18 3 0 -1
9 21 6 3 0 3
haar_x3
0.032723 0 -1
-0.507026 1.052611 
1
2
5 6 13 6 0 -1
5 8 13 2 0 3
haar_y3
-0.007296 0 -1
0.363569 -1.346489 
1
2
18 1 6 15 0 -1
18 1 3 15 0 2
haar_x2
0.050425 0 -1
-0.304614 1.450413 
1
2
1 1 6 15 0 -1
4 1 3 15 0 2
haar_x2
0.046879 0 -1
-0.402862 1.214561 
1
2
0 8 24 15 0 -1
8 8 8 15 0 3
haar_x3
-0.069359 0 -1
1.053936 -0.457197 
1
3
5 6 14 12 0 -1
5 6 7 6 0 2
12 12 7 6 0 2
haar_x2_y2
-0.049034 0 -1
-1.625309 0.153790 
1
2
2 12 21 12 0 -1
2 16 21 4 0 3
haar_y3
0.084828 0 -1
0.284030 -1.566206 
1
2
8 1 4 10 0 -1
10 1 2 10 0 2
haar_x2
-0.001723 0 -1
-1.014746 0.232948 
1
2
2 13 20 10 0 -1
2 13 10 10 0 2
haar_x2
0.115622 0 -1
-0.167329 1.280407 
1
2
0 1 6 13 0 -1
2 1 2 13 0 3
haar_x3
-0.051280 0 -1
1.516239 -0.302711 
1
2
20 2 4 13 0 -1
20 2 2 13 0 2
haar_x2
-0.042707 0 -1
1.763192 -0.051832 
1
2
0 5 22 19 0 -1
11 5 11 19 0 2
haar_x2
0.371781 0 -1
-0.313892 1.535798 
1
2
18 4 6 9 0 -1
20 4 2 9 0 3
haar_x3
0.019413 0 -1
-0.100176 0.936554 
1
2
0 3 6 11 0 -1
2 3 2 11 0 3
haar_x3
0.017439 0 -1
-0.403799 0.962930 
1
2
12 1 4 9 0 -1
12 1 2 9 0 2
haar_x2
0.039639 0 -1
0.170391 -2.960299 
1
2
0 6 19 3 0 -1
0 7 19 1 0 3
haar_y3
-0.009147 0 -1
0.887868 -0.438187 
1
2
12 1 4 9 0 -1
12 1 2 9 0 2
haar_x2
0.001722 0 -1
-0.372186 0.400189 
1
2
8 1 4 9 0 -1
10 1 2 9 0 2
haar_x2
0.030231 0 -1
0.065924 -2.646918 
1
3
5 5 14 14 0 -1
12 5 7 7 0 2
5 12 7 7 0 2
haar_x2_y2
-0.078796 0 -1
-1.749146 0.284753 
1
2
1 10 18 2 0 -1
1 11 18 1 0 2
haar_y2
0.002111 0 -1
-0.939081 0.232052 
1
2
17 13 4 11 0 -1
17 13 2 11 0 2
haar_x2
0.027091 0 -1
-0.052664 1.075682 
1
2
0 4 6 9 0 -1
0 7 6 3 0 3
haar_y3
-0.044965 0 -1
-1.829448 0.099562 
-4.655190
