9
1
2
6 4 12 9 0 -1
6 7 12 3 0 3
haar_y3
-0.031512 0 -1
2.087538 -2.217210 
1
2
6 4 12 7 0 -1
10 4 4 7 0 3
haar_x3
0.012396 0 -1
-1.863394 1.327205 
1
2
3 9 18 9 0 -1
3 12 18 3 0 3
haar_y3
0.021928 0 -1
-1.510525 1.062573 
1
2
8 18 9 6 0 -1
8 20 9 2 0 3
haar_y3
0.005753 0 -1
-0.874639 1.176034 
1
2
3 5 4 19 0 -1
5 5 2 19 0 2
haar_x2
0.015014 0 -1
-0.779457 1.260842 
1
2
6 5 12 16 0 -1
6 13 12 8 0 2
haar_y2
0.099371 0 -1
0.557513 -1.874300 
1
2
5 8 12 6 0 -1
5 11 12 3 0 2
haar_y2
0.002734 0 -1
-1.691193 0.440097 
1
2
11 14 4 10 0 -1
11 19 4 5 0 2
haar_y2
-0.018859 0 -1
-1.476954 0.443501 
1
2
4 0 7 6 0 -1
4 3 7 3 0 2
haar_y2
0.005974 0 -1
-0.859092 0.852556 
-5.042550
