91
1
2
0 2 24 4 0 -1
8 2 8 4 0 3
haar_x3
0.137712 0 -1
-0.558706 1.095377 
1
2
14 7 5 12 0 -1
14 11 5 4 0 3
haar_y3
0.034461 0 -1
-0.711719 0.528996 
1
2
5 7 5 12 0 -1
5 11 5 4 0 3
haar_y3
0.018580 0 -1
-1.115752 0.405940 
1
2
9 6 6 9 0 -1
11 6 2 9 0 3
haar_x3
0.025042 0 -1
-0.408925 0.741300 
1
2
0 1 6 17 0 -1
3 1 3 17 0 2
haar_x2
0.057179 0 -1
-0.380543 0.736477 
1
2
3 1 19 9 0 -1
3 4 19 3 0 3
haar_y3
0.014932 0 -1
-0.699455 0.379510 
1
3
3 18 12 6 0 -1
3 18 6 3 0 2
9 21 6 3 0 2
haar_x2_y2
0.008890 0 -1
-0.545586 0.363325 
1
2
20 4 4 19 0 -1
20 4 2 19 0 2
haar_x2
0.030436 0 -1
-0.101246 0.795859 
1
2
0 16 10 7 0 -1
5 16 5 7 0 2
haar_x2
-0.044160 0 -1
0.844109 -0.329764 
1
3
8 7 10 12 0 -1
13 7 5 6 0 2
8 13 5 6 0 2
haar_x2_y2
0.018461 0 -1
0.263266 -0.967365 
1
3
6 7 10 12 0 -1
6 7 5 6 0 2
11 13 5 6 0 2
haar_x2_y2
0.010615 0 -1
0.152519 -1.058987 
1
2
9 2 9 6 0 -1
12 2 3 6 0 3
haar_x3
-0.045974 0 -1
-1.991834 0.136291 
1
2
1 20 21 4 0 -1
8 20 7 4 0 3
haar_x3
0.082900 0 -1
-0.320372 0.603042 
1
2
9 12 9 6 0 -1
9 14 9 2 0 3
haar_y3
-0.008913 0 -1
0.595866 -0.211396 
1
2
7 2 9 6 0 -1
10 2 3 6 0 3
haar_x3
0.042814 0 -1
0.022925 -1.467933 
1
2
13 0 4 14 0 -1
13 0 2 14 0 2
haar_x2
-0.008714 0 -1
-0.439895 0.204397 
1
2
7 0 4 14 0 -1
9 0 2 14 0 2
haar_x2
-0.004339 0 -1
-0.890668 0.104700 
1
2
14 15 9 6 0 -1
14 17 9 2 0 3
haar_y3
0.008075 0 -1
0.211642 -0.402316 
1
2
2 8 18 5 0 -1
8 8 6 5 0 3
haar_x3
0.096739 0 -1
0.013320 -1.608536 
1
2
18 3 6 11 0 -1
20 3 2 11 0 3
haar_x3
-0.030537 0 -1
1.006374 -0.134133 
1
2
6 5 11 14 0 -1
6 12 11 7 0 2
haar_y2
-0.060856 0 -1
-1.468998 0.009424 
1
2
18 4 6 9 0 -1
18 7 6 3 0 3
haar_y3
-0.038162 0 -1
-0.816364 0.261712 
1
2
7 6 9 6 0 -1
7 8 9 2 0 3
haar_y3
-0.009696 0 -1
0.115617 -0.716932 
1
2
18 4 6 9 0 -1
18 7 6 3 0 3
haar_y3
0.048903 0 -1
0.130505 -1.644837 
1
2
0 4 6 9 0 -1
0 7 6 3 0 3
haar_y3
-0.041612 0 -1
-1.179584 0.025017 
1
2
9 4 9 4 0 -1
9 6 9 2 0 2
haar_y2
-0.020188 0 -1
0.631882 -0.104904 
1
2
0 22 19 2 0 -1
0 23 19 1 0 2
haar_y2
-0.000979 0 -1
0.185078 -0.535659 
1
2
17 14 6 9 0 -1
17 17 6 3 0 3
haar_y3
-0.033622 0 -1
-0.931276 0.200715 
1
2
1 14 6 9 0 -1
1 17 6 3 0 3
haar_y3
0.019456 0 -1
0.038029 -1.011221 
1
2
14 11 4 9 0 -1
14 11 2 9 0 2
haar_x2
-0.000318 0 -1
0.364577 -0.276109 
1
2
6 11 4 9 0 -1
8 11 2 9 0 2
haar_x2
-0.000389 0 -1
0.196659 -0.534105 
1
2
3 9 18 7 0 -1
9 9 6 7 0 3
haar_x3
-0.093496 0 -1
-1.677235 0.207271 
1
2
9 12 6 10 0 -1
9 17 6 5 0 2
haar_y2
-0.077878 0 -1
-3.076063 -0.035804 
1
2
12 0 6 9 0 -1
14 0 2 9 0 3
haar_x3
0.016948 0 -1
0.214474 -0.713763 
1
2
6 0 6 9 0 -1
8 0 2 9 0 3
haar_x3
-0.021459 0 -1
-1.146806 0.015856 
1
2
6 17 18 3 0 -1
6 18 18 1 0 3
haar_y3
-0.012866 0 -1
0.838124 -0.065944 
1
2
1 17 18 3 0 -1
1 18 18 1 0 3
haar_y3
0.007822 0 -1
-0.280268 0.793769 
1
2
10 6 11 12 0 -1
10 12 11 6 0 2
haar_y2
0.102944 0 -1
0.178323 -0.684122 
1
3
5 6 14 6 0 -1
5 6 7 3 0 2
12 9 7 3 0 2
haar_x2_y2
-0.037488 0 -1
0.961900 -0.217356 
1
2
5 4 15 4 0 -1
5 6 15 2 0 2
haar_y2
0.025506 0 -1
0.010104 1.246111 
1
2
0 0 22 2 0 -1
0 1 22 1 0 2
haar_y2
0.000667 0 -1
-0.534882 0.147463 
1
2
0 0 24 24 0 -1
8 0 8 24 0 3
haar_x3
-0.288679 0 -1
0.821728 -0.014948 
1
2
1 15 18 4 0 -1
10 15 9 4 0 2
haar_x2
0.091295 0 -1
-0.196054 1.080317 
1
2
6 8 12 9 0 -1
6 11 12 3 0 3
haar_y3
0.120566 0 -1
-0.023849 1.139261 
1
2
4 12 7 12 0 -1
4 16 7 4 0 3
haar_y3
-0.073775 0 -1
-1.358384 -0.004204 
1
3
1 2 22 6 0 -1
12 2 11 3 0 2
1 5 11 3 0 2
haar_x2_y2
-0.033128 0 -1
-0.644832 0.241422 
1
2
5 20 14 3 0 -1
12 20 7 3 0 2
haar_x2
-0.043937 0 -1
0.842854 -0.206248 
1
3
0 0 24 16 0 -1
12 0 12 8 0 2
0 8 12 8 0 2
haar_x2_y2
0.181102 0 -1
0.192121 -1.222214 
1
3
3 13 18 4 0 -1
3 13 9 2 0 2
12 15 9 2 0 2
haar_x2_y2
-0.011851 0 -1
-0.726774 0.052688 
1
2
2 10 22 2 0 -1
2 11 22 1 0 2
haar_y2
0.004592 0 -1
-0.363052 0.292238 
1
2
6 3 11 8 0 -1
6 7 11 4 0 2
haar_y2
0.007062 0 -1
0.058116 -0.671616 
1
2
14 5 6 6 0 -1
14 8 6 3 0 2
haar_y2
-0.023715 0 -1
0.471421 0.018580 
1
2
0 7 24 6 0 -1
0 9 24 2 0 3
haar_y3
-0.067172 0 -1
-1.133189 0.023781 
1
3
14 0 10 10 0 -1
19 0 5 5 0 2
14 5 5 5 0 2
haar_x2_y2
-0.065310 0 -1
0.982535 0.028362 
1
3
0 0 10 10 0 -1
0 0 5 5 0 2
5 5 5 5 0 2
haar_x2_y2
0.022791 0 -1
-0.282137 0.589934 
1
3
0 1 24 4 0 -1
12 1 12 2 0 2
0 3 12 2 0 2
haar_x2_y2
-0.019038 0 -1
-0.637115 0.265146 
1
2
0 17 18 3 0 -1
0 18 18 1 0 3
haar_y3
-0.006869 0 -1
0.374873 -0.332321 
1
3
5 15 16 6 0 -1
13 15 8 3 0 2
5 18 8 3 0 2
haar_x2_y2
-0.040146 0 -1
-1.304873 0.157243 
1
3
3 15 16 6 0 -1
3 15 8 3 0 2
11 18 8 3 0 2
haar_x2_y2
-0.040531 0 -1
-2.045805 -0.026926 
1
2
6 16 18 3 0 -1
6 17 18 1 0 3
haar_y3
-0.012254 0 -1
0.776494 -0.042971 
1
2
0 13 21 10 0 -1
0 18 21 5 0 2
haar_y2
-0.027220 0 -1
0.174244 -0.446009 
1
2
13 0 6 24 0 -1
15 0 2 24 0 3
haar_x3
-0.088366 0 -1
-1.503642 0.142899 
1
2
7 4 6 11 0 -1
9 4 2 11 0 3
haar_x3
-0.007916 0 -1
0.286667 -0.379237 
1
2
9 5 9 6 0 -1
12 5 3 6 0 3
haar_x3
-0.041960 0 -1
1.384695 0.065027 
1
2
1 4 2 20 0 -1
1 14 2 10 0 2
haar_y2
0.045663 0 -1
-0.224523 0.795210 
1
2
13 0 6 24 0 -1
15 0 2 24 0 3
haar_x3
-0.140906 0 -1
-1.587932 0.113590 
1
2
5 0 6 24 0 -1
7 0 2 24 0 3
haar_x3
-0.059216 0 -1
-1.194596 -0.007164 
1
3
16 7 6 14 0 -1
19 7 3 7 0 2
16 14 3 7 0 2
haar_x2_y2
0.004339 0 -1
-0.155287 0.406645 
1
2
4 7 4 12 0 -1
6 7 2 12 0 2
haar_x2
-0.002037 0 -1
0.259279 -0.383683 
1
2
0 5 24 14 0 -1
8 5 8 14 0 3
haar_x3
0.275165 0 -1
-0.088498 0.767875 
1
2
5 13 10 6 0 -1
5 15 10 2 0 3
haar_y3
-0.026602 0 -1
0.750245 -0.226220 
1
2
12 0 6 9 0 -1
14 0 2 9 0 3
haar_x3
0.040906 0 -1
0.121586 -1.456691 
1
3
2 7 6 14 0 -1
2 7 3 7 0 2
5 14 3 7 0 2
haar_x2_y2
0.005532 0 -1
-0.366115 0.259686 
1
2
15 2 9 15 0 -1
18 2 3 15 0 3
haar_x3
0.031879 0 -1
-0.075019 0.484848 
1
2
0 2 6 9 0 -1
2 2 2 9 0 3
haar_x3
-0.041482 0 -1
0.782204 -0.219922 
1
3
12 2 10 14 0 -1
17 2 5 7 0 2
12 9 5 7 0 2
haar_x2_y2
-0.096131 0 -1
-0.894563 0.146807 
1
2
11 6 2 18 0 -1
12 6 1 18 0 2
haar_x2
-0.011569 0 -1
0.827141 -0.202756 
1
2
9 5 15 6 0 -1
14 5 5 6 0 3
haar_x3
0.018313 0 -1
0.016368 0.273068 
1
2
8 6 6 10 0 -1
10 6 2 10 0 3
haar_x3
-0.034166 0 -1
1.130732 -0.188109 
1
2
12 0 6 9 0 -1
14 0 2 9 0 3
haar_x3
-0.024477 0 -1
-0.577913 0.158125 
1
2
3 3 9 7 0 -1
6 3 3 7 0 3
haar_x3
0.048957 0 -1
-0.022565 -1.637328 
1
2
6 7 14 3 0 -1
6 7 7 3 0 2
haar_x2
-0.020703 0 -1
-0.545121 0.240870 
1
2
7 7 8 6 0 -1
11 7 4 6 0 2
haar_x2
-0.023002 0 -1
-1.223654 -0.007344 
1
2
12 7 7 12 0 -1
12 13 7 6 0 2
haar_y2
0.064585 0 -1
0.146956 -0.449675 
1
3
10 6 4 18 0 -1
10 6 2 9 0 2
12 15 2 9 0 2
haar_x2_y2
0.012666 0 -1
-0.278739 0.438766 
1
2
16 14 6 9 0 -1
16 17 6 3 0 3
haar_y3
-0.012003 0 -1
-0.242891 0.253501 
1
2
4 0 6 13 0 -1
6 0 2 13 0 3
haar_x3
-0.026444 0 -1
-0.858648 0.026026 
1
2
2 2 21 3 0 -1
9 2 7 3 0 3
haar_x3
-0.025548 0 -1
0.692879 -0.002116 
1
2
5 4 5 12 0 -1
5 8 5 4 0 3
haar_y3
0.039115 0 -1
-0.165891 1.520914 
1
2
10 3 4 10 0 -1
10 8 4 5 0 2
haar_y2
-0.006033 0 -1
0.438569 -0.216137 
1
2
8 4 5 8 0 -1
8 8 5 4 0 2
haar_y2
-0.033937 0 -1
-0.979984 0.022133 
-3.647861
