135
1
2
4 7 5 12 0 -1
4 11 5 4 0 3
haar_y3
0.027445 0 -1
-0.899842 0.518765 
1
2
2 0 21 6 0 -1
9 0 7 6 0 3
haar_x3
0.115541 0 -1
-0.565244 0.705513 
1
2
7 6 10 6 0 -1
7 8 10 2 0 3
haar_y3
-0.022297 0 -1
0.360800 -0.668646 
1
2
9 0 6 15 0 -1
11 0 2 15 0 3
haar_x3
0.013325 0 -1
-0.555734 0.357900 
1
2
2 2 18 2 0 -1
2 3 18 1 0 2
haar_y2
-0.003806 0 -1
-1.071300 0.188500 
1
2
8 17 8 6 0 -1
8 20 8 3 0 2
haar_y2
-0.002682 0 -1
-0.715843 0.263445 
1
2
3 0 18 2 0 -1
3 1 18 1 0 2
haar_y2
0.003382 0 -1
-0.469308 0.266584 
1
2
8 0 9 6 0 -1
11 0 3 6 0 3
haar_x3
0.037643 0 -1
0.210987 -1.080434 
1
2
0 17 18 3 0 -1
0 18 18 1 0 3
haar_y3
-0.013862 0 -1
0.669120 -0.279428 
1
2
6 7 12 5 0 -1
10 7 4 5 0 3
haar_x3
-0.002735 0 -1
-0.953323 0.240513 
1
2
0 3 6 9 0 -1
2 3 2 9 0 3
haar_x3
-0.038337 0 -1
0.814328 -0.249194 
1
2
20 2 4 9 0 -1
20 2 2 9 0 2
haar_x2
-0.034698 0 -1
1.233010 0.006860 
1
2
0 2 4 9 0 -1
2 2 2 9 0 2
haar_x2
0.023361 0 -1
-0.307947 0.707145 
1
3
0 1 24 4 0 -1
12 1 12 2 0 2
0 3 12 2 0 2
haar_x2_y2
0.035058 0 -1
0.212059 -1.439983 
1
2
0 16 9 6 0 -1
0 18 9 2 0 3
haar_y3
-0.013257 0 -1
-0.902607 0.048610 
1
2
14 13 9 6 0 -1
14 15 9 2 0 3
haar_y3
0.012740 0 -1
0.226552 -0.446438 
1
2
0 15 19 3 0 -1
0 16 19 1 0 3
haar_y3
0.003640 0 -1
-0.398179 0.346654 
1
3
1 5 22 12 0 -1
12 5 11 6 0 2
1 11 11 6 0 2
haar_x2_y2
0.100647 0 -1
0.183836 -1.341077 
1
2
5 13 6 6 0 -1
8 13 3 6 0 2
haar_x2
0.000000 0 -1
0.155364 -0.515825 
1
2
4 2 20 3 0 -1
4 3 20 1 0 3
haar_y3
0.011709 0 -1
0.216514 -0.727052 
1
2
8 14 6 10 0 -1
10 14 2 10 0 3
haar_x3
-0.035965 0 -1
-1.478950 -0.024317 
1
3
6 12 16 6 0 -1
14 12 8 3 0 2
6 15 8 3 0 2
haar_x2_y2
-0.021236 0 -1
-0.168441 0.195266 
1
2
2 13 8 9 0 -1
2 16 8 3 0 3
haar_y3
0.014874 0 -1
0.037336 -0.875573 
1
3
11 8 6 14 0 -1
14 8 3 7 0 2
11 15 3 7 0 2
haar_x2_y2
-0.005141 0 -1
0.334665 -0.241097 
1
3
2 12 16 6 0 -1
2 12 8 3 0 2
10 15 8 3 0 2
haar_x2_y2
0.023450 0 -1
0.005532 -1.250972 
1
2
5 16 16 8 0 -1
5 20 16 4 0 2
haar_y2
-0.025062 0 -1
0.452124 -0.084470 
1
2
9 1 4 12 0 -1
9 7 4 6 0 2
haar_y2
-0.000774 0 -1
0.152499 -0.484865 
1
3
8 2 8 10 0 -1
12 2 4 5 0 2
8 7 4 5 0 2
haar_x2_y2
-0.040484 0 -1
-1.302492 0.179835 
1
3
6 6 12 6 0 -1
6 6 6 3 0 2
12 9 6 3 0 2
haar_x2_y2
0.028171 0 -1
-0.244109 0.622711 
1
2
10 7 6 9 0 -1
12 7 2 9 0 3
haar_x3
0.045693 0 -1
0.028122 0.923944 
1
3
0 0 8 12 0 -1
0 0 4 6 0 2
4 6 4 6 0 2
haar_x2_y2
0.039707 0 -1
-0.223328 0.776740 
1
2
18 8 6 9 0 -1
18 11 6 3 0 3
haar_y3
0.050517 0 -1
0.203200 -1.089593 
1
2
2 12 6 6 0 -1
5 12 3 6 0 2
haar_x2
-0.017267 0 -1
0.685984 -0.233045 
1
2
3 21 21 3 0 -1
10 21 7 3 0 3
haar_x3
0.080186 0 -1
-0.010292 0.618811 
1
2
2 0 16 6 0 -1
2 3 16 3 0 2
haar_y2
0.097676 0 -1
-0.200703 1.008835 
1
2
13 6 7 6 0 -1
13 9 7 3 0 2
haar_y2
-0.015572 0 -1
0.476153 0.045624 
1
2
6 4 4 14 0 -1
6 11 4 7 0 2
haar_y2
-0.015305 0 -1
-1.107737 0.004524 
1
2
9 7 6 9 0 -1
11 7 2 9 0 3
haar_x3
-0.016485 0 -1
1.015294 0.016328 
1
3
7 8 6 14 0 -1
7 8 3 7 0 2
10 15 3 7 0 2
haar_x2_y2
-0.026142 0 -1
0.417233 -0.286455 
1
2
18 8 4 16 0 -1
18 16 4 8 0 2
haar_y2
0.008868 0 -1
0.214050 -0.167728 
1
2
9 14 6 10 0 -1
11 14 2 10 0 3
haar_x3
-0.026887 0 -1
-1.156422 -0.010324 
1
2
6 11 12 5 0 -1
10 11 4 5 0 3
haar_x3
0.007779 0 -1
0.353595 -0.296113 
1
2
0 12 23 3 0 -1
0 13 23 1 0 3
haar_y3
-0.015974 0 -1
-1.537411 -0.029958 
1
2
13 0 6 12 0 -1
15 0 2 12 0 3
haar_x3
0.020867 0 -1
0.202441 -0.712702 
1
2
0 10 12 5 0 -1
4 10 4 5 0 3
haar_x3
0.085482 0 -1
-0.025933 -1.515657 
1
2
13 2 10 4 0 -1
13 4 10 2 0 2
haar_y2
0.023873 0 -1
0.168034 -0.388062 
1
2
5 0 6 12 0 -1
7 0 2 12 0 3
haar_x3
-0.039105 0 -1
-1.195835 -0.020361 
1
2
11 6 9 6 0 -1
14 6 3 6 0 3
haar_x3
-0.077947 0 -1
-1.089895 0.145303 
1
2
4 6 9 6 0 -1
7 6 3 6 0 3
haar_x3
-0.016876 0 -1
0.280497 -0.413363 
1
2
6 11 18 13 0 -1
12 11 6 13 0 3
haar_x3
0.118756 0 -1
-0.043491 0.412637 
1
2
0 11 18 13 0 -1
6 11 6 13 0 3
haar_x3
0.156242 0 -1
-0.264296 0.551278 
1
2
12 16 12 6 0 -1
16 16 4 6 0 3
haar_x3
-0.045908 0 -1
0.601892 0.018921 
1
2
0 6 21 3 0 -1
0 7 21 1 0 3
haar_y3
-0.010310 0 -1
0.381530 -0.295079 
1
2
12 16 12 6 0 -1
16 16 4 6 0 3
haar_x3
0.095769 0 -1
0.132465 -0.462668 
1
2
5 7 6 14 0 -1
5 14 6 7 0 2
haar_y2
0.013687 0 -1
0.117387 -0.516641 
1
2
5 10 19 2 0 -1
5 11 19 1 0 2
haar_y2
0.002399 0 -1
-0.340076 0.209535 
1
2
5 4 14 4 0 -1
5 6 14 2 0 2
haar_y2
0.033265 0 -1
-0.170528 1.436680 
1
2
3 18 18 4 0 -1
9 18 6 4 0 3
haar_x3
-0.033206 0 -1
0.612957 -0.041550 
1
2
7 0 4 9 0 -1
9 0 2 9 0 2
haar_x2
0.002798 0 -1
-0.485543 0.133727 
1
2
13 3 11 4 0 -1
13 5 11 2 0 2
haar_y2
-0.065792 0 -1
-4.025767 0.108767 
1
2
2 0 9 6 0 -1
5 0 3 6 0 3
haar_x3
0.002143 0 -1
-0.391800 0.224271 
1
2
19 1 4 23 0 -1
19 1 2 23 0 2
haar_x2
0.022364 0 -1
-0.086430 0.377852 
1
2
1 1 4 23 0 -1
3 1 2 23 0 2
haar_x2
-0.057410 0 -1
1.145407 -0.197366 
1
2
5 16 18 3 0 -1
5 17 18 1 0 3
haar_y3
0.006655 0 -1
-0.021105 0.584534 
1
2
0 3 11 4 0 -1
0 5 11 2 0 2
haar_y2
0.012327 0 -1
0.037817 -0.669870 
1
2
2 16 20 3 0 -1
2 17 20 1 0 3
haar_y3
-0.008187 0 -1
0.563660 -0.076878 
1
2
5 3 13 4 0 -1
5 5 13 2 0 2
haar_y2
0.036681 0 -1
-0.173433 1.167015 
1
2
1 9 22 15 0 -1
1 9 11 15 0 2
haar_x2
-0.402204 0 -1
1.264082 0.043399 
1
2
3 4 14 3 0 -1
10 4 7 3 0 2
haar_x2
-0.022126 0 -1
0.669781 -0.216053 
1
2
8 7 10 4 0 -1
8 7 5 4 0 2
haar_x2
-0.013157 0 -1
-0.411986 0.202150 
1
2
6 7 10 4 0 -1
11 7 5 4 0 2
haar_x2
-0.012860 0 -1
-0.915827 0.039233 
1
2
10 4 6 9 0 -1
12 4 2 9 0 3
haar_x3
0.021628 0 -1
0.003872 0.356682 
1
2
1 12 9 6 0 -1
4 12 3 6 0 3
haar_x3
0.011896 0 -1
-0.373039 0.192351 
1
3
8 3 8 10 0 -1
12 3 4 5 0 2
8 8 4 5 0 2
haar_x2_y2
-0.019549 0 -1
-0.423749 0.244296 
1
3
3 6 16 6 0 -1
3 6 8 3 0 2
11 9 8 3 0 2
haar_x2_y2
0.064445 0 -1
-0.165589 1.269703 
1
2
5 6 14 6 0 -1
5 9 14 3 0 2
haar_y2
0.108985 0 -1
0.148943 -2.153464 
1
2
4 3 9 6 0 -1
4 5 9 2 0 3
haar_y3
-0.034078 0 -1
1.377946 -0.161985 
1
2
6 3 18 2 0 -1
6 4 18 1 0 2
haar_y2
-0.003749 0 -1
-0.338286 0.211529 
1
2
7 6 9 6 0 -1
10 6 3 6 0 3
haar_x3
-0.010972 0 -1
0.765179 -0.196926 
1
2
0 1 24 3 0 -1
0 2 24 1 0 3
haar_y3
-0.011485 0 -1
-0.692712 0.216571 
1
2
0 17 10 6 0 -1
0 19 10 2 0 3
haar_y3
0.025984 0 -1
-0.011984 -0.996973 
1
2
3 18 18 3 0 -1
3 19 18 1 0 3
haar_y3
0.004216 0 -1
-0.102057 0.488844 
1
3
2 5 6 16 0 -1
2 5 3 8 0 2
5 13 3 8 0 2
haar_x2_y2
-0.047697 0 -1
1.066601 -0.175763 
1
2
7 6 11 6 0 -1
7 8 11 2 0 3
haar_y3
0.000403 0 -1
0.185248 -0.747900 
1
2
5 2 12 22 0 -1
5 13 12 11 0 2
haar_y2
0.115396 0 -1
-0.220197 0.545100 
1
2
10 7 4 10 0 -1
10 12 4 5 0 2
haar_y2
0.016021 0 -1
0.254875 -0.507401 
1
2
9 0 4 18 0 -1
9 6 4 6 0 3
haar_y3
0.056632 0 -1
-0.011256 -0.959681 
1
2
18 8 6 9 0 -1
18 11 6 3 0 3
haar_y3
-0.010726 0 -1
-0.285447 0.169948 
1
2
4 7 15 10 0 -1
9 7 5 10 0 3
haar_x3
0.124200 0 -1
-0.036140 -1.313271 
1
2
10 5 6 9 0 -1
12 5 2 9 0 3
haar_x3
-0.005380 0 -1
0.330927 0.013308 
1
2
9 9 6 10 0 -1
11 9 2 10 0 3
haar_x3
0.011908 0 -1
-0.348303 0.240419 
1
2
11 14 6 10 0 -1
13 14 2 10 0 3
haar_x3
-0.043008 0 -1
-1.439047 0.155996 
1
2
7 14 6 10 0 -1
9 14 2 10 0 3
haar_x3
-0.033150 0 -1
-1.180585 -0.012348 
1
2
4 8 16 9 0 -1
4 11 16 3 0 3
haar_y3
-0.021342 0 -1
2.211944 0.062737 
1
2
2 11 20 3 0 -1
2 12 20 1 0 3
haar_y3
-0.012219 0 -1
-1.870975 -0.045500 
1
2
13 0 4 13 0 -1
13 0 2 13 0 2
haar_x2
-0.016861 0 -1
-0.769127 0.153300 
1
2
7 0 4 13 0 -1
9 0 2 13 0 2
haar_x2
-0.002500 0 -1
-0.629874 0.051600 
1
2
3 1 18 7 0 -1
9 1 6 7 0 3
haar_x3
-0.045038 0 -1
0.854289 0.006260 
1
2
1 11 6 9 0 -1
1 14 6 3 0 3
haar_y3
0.039058 0 -1
-0.032459 -1.332567 
1
2
8 18 9 6 0 -1
8 20 9 2 0 3
haar_y3
0.006672 0 -1
-0.194236 0.373287 
1
2
3 9 15 6 0 -1
3 11 15 2 0 3
haar_y3
-0.016361 0 -1
2.060587 -0.150427 
1
2
5 10 19 2 0 -1
5 11 19 1 0 2
haar_y2
0.006172 0 -1
-0.116110 0.254554 
1
2
8 6 7 16 0 -1
8 14 7 8 0 2
haar_y2
0.045722 0 -1
-0.016340 -1.044914 
1
2
9 14 9 6 0 -1
9 16 9 2 0 3
haar_y3
0.004121 0 -1
-0.041998 0.396810 
1
2
0 7 8 12 0 -1
0 11 8 4 0 3
haar_y3
-0.000178 0 -1
-0.664226 0.033443 
1
2
6 4 18 3 0 -1
6 5 18 1 0 3
haar_y3
0.007111 0 -1
-0.058232 0.378573 
1
2
0 16 12 6 0 -1
4 16 4 6 0 3
haar_x3
-0.049864 0 -1
0.610194 -0.210057 
1
2
13 13 9 4 0 -1
13 15 9 2 0 2
haar_y2
-0.025012 0 -1
-0.571001 0.178484 
1
3
5 8 14 14 0 -1
5 8 7 7 0 2
12 15 7 7 0 2
haar_x2_y2
0.030940 0 -1
0.056363 -0.647310 
1
3
1 16 22 6 0 -1
12 16 11 3 0 2
1 19 11 3 0 2
haar_x2_y2
0.046271 0 -1
0.174824 -0.989094 
1
2
9 0 6 9 0 -1
11 0 2 9 0 3
haar_x3
-0.003187 0 -1
-0.668048 0.032267 
1
3
9 5 10 10 0 -1
14 5 5 5 0 2
9 10 5 5 0 2
haar_x2_y2
-0.024352 0 -1
0.294449 -0.001360 
1
3
5 5 10 10 0 -1
5 5 5 5 0 2
10 10 5 5 0 2
haar_x2_y2
0.011974 0 -1
-0.283451 0.471712 
1
3
4 6 16 6 0 -1
12 6 8 3 0 2
4 9 8 3 0 2
haar_x2_y2
0.013070 0 -1
-0.108346 0.571933 
1
2
0 7 6 9 0 -1
0 10 6 3 0 3
haar_y3
0.059163 0 -1
-0.050939 -1.905972 
1
3
16 10 8 14 0 -1
20 10 4 7 0 2
16 17 4 7 0 2
haar_x2_y2
-0.041095 0 -1
0.451046 -0.009760 
1
2
9 12 6 12 0 -1
9 18 6 6 0 2
haar_y2
-0.083989 0 -1
-2.034920 -0.051019 
1
3
8 10 8 12 0 -1
12 10 4 6 0 2
8 16 4 6 0 2
haar_x2_y2
0.044619 0 -1
0.170411 -1.227872 
1
2
8 0 4 9 0 -1
10 0 2 9 0 2
haar_x2
0.024419 0 -1
-0.021797 -1.082295 
1
3
10 4 8 16 0 -1
14 4 4 8 0 2
10 12 4 8 0 2
haar_x2_y2
-0.004387 0 -1
0.304667 -0.370666 
1
2
7 10 10 6 0 -1
7 12 10 2 0 3
haar_y3
0.024608 0 -1
-0.311695 0.236573 
1
3
5 6 14 14 0 -1
12 6 7 7 0 2
5 13 7 7 0 2
haar_x2_y2
-0.085182 0 -1
-1.798235 0.152543 
1
2
2 11 20 2 0 -1
2 12 20 1 0 2
haar_y2
0.021845 0 -1
-0.051888 -1.901719 
1
2
18 8 4 16 0 -1
18 16 4 8 0 2
haar_y2
-0.016829 0 -1
0.210259 0.021657 
1
3
1 11 12 10 0 -1
1 11 6 5 0 2
7 16 6 5 0 2
haar_x2_y2
0.032548 0 -1
-0.202926 0.609440 
1
2
6 9 12 4 0 -1
6 11 12 2 0 2
haar_y2
0.002471 0 -1
-0.953712 0.185684 
1
2
9 12 6 7 0 -1
12 12 3 7 0 2
haar_x2
0.055416 0 -1
-0.144053 2.150634 
1
3
10 4 8 16 0 -1
14 4 4 8 0 2
10 12 4 8 0 2
haar_x2_y2
-0.106355 0 -1
-1.091197 0.132280 
1
3
6 4 8 16 0 -1
6 4 4 8 0 2
10 12 4 8 0 2
haar_x2_y2
-0.007989 0 -1
0.102534 -0.517449 
1
2
8 9 9 6 0 -1
11 9 3 6 0 3
haar_x3
0.075568 0 -1
0.058965 1.235421 
1
3
1 5 16 12 0 -1
1 5 8 6 0 2
9 11 8 6 0 2
haar_x2_y2
-0.092806 0 -1
-1.343165 -0.034463 
1
2
9 9 6 8 0 -1
9 9 3 8 0 2
haar_x2
0.049432 0 -1
0.049602 1.605473 
1
2
6 0 3 18 0 -1
7 0 1 18 0 3
haar_x3
-0.011773 0 -1
-1.026105 -0.004156 
1
2
17 9 5 14 0 -1
17 16 5 7 0 2
haar_y2
0.085886 0 -1
0.084643 0.952208 
1
2
2 9 5 14 0 -1
2 16 5 7 0 2
haar_y2
0.081031 0 -1
-0.146871 1.935999 
-3.702599
