136
1
2
7 4 10 6 0 -1
7 7 10 3 0 2
haar_y2
-0.033841 0 -1
0.658895 -0.697553 
1
2
1 3 23 18 0 -1
1 9 23 6 0 3
haar_y3
0.015410 0 -1
-0.907284 0.304786 
1
2
1 1 21 3 0 -1
8 1 7 3 0 3
haar_x3
0.054906 0 -1
-0.497748 0.571326 
1
2
9 6 6 9 0 -1
11 6 2 9 0 3
haar_x3
0.021390 0 -1
-0.425652 0.580968 
1
3
3 18 12 6 0 -1
3 18 6 3 0 2
9 21 6 3 0 2
haar_x2_y2
0.007885 0 -1
-0.479060 0.430165 
1
3
16 8 8 16 0 -1
20 8 4 8 0 2
16 16 4 8 0 2
haar_x2_y2
-0.037545 0 -1
0.508616 -0.199859 
1
2
0 19 24 4 0 -1
8 19 8 4 0 3
haar_x3
0.159258 0 -1
-0.232636 1.099332 
1
3
16 8 8 16 0 -1
20 8 4 8 0 2
16 16 4 8 0 2
haar_x2_y2
-0.068940 0 -1
0.405690 0.056855 
1
3
0 8 8 16 0 -1
0 8 4 8 0 2
4 16 4 8 0 2
haar_x2_y2
-0.033695 0 -1
0.451328 -0.333328 
1
2
8 12 8 10 0 -1
8 17 8 5 0 2
haar_y2
-0.063315 0 -1
-0.850157 0.223417 
1
2
5 7 5 8 0 -1
5 11 5 4 0 2
haar_y2
0.007370 0 -1
-0.930822 0.059217 
1
2
4 1 19 2 0 -1
4 2 19 1 0 2
haar_y2
-0.009597 0 -1
-1.279490 0.184473 
1
2
0 12 24 9 0 -1
8 12 8 9 0 3
haar_x3
-0.130680 0 -1
0.584269 -0.260072 
1
2
6 0 13 8 0 -1
6 4 13 4 0 2
haar_y2
0.057403 0 -1
-0.053789 0.711756 
1
2
0 0 24 3 0 -1
0 1 24 1 0 3
haar_y3
-0.007234 0 -1
-0.869622 0.075215 
1
2
20 3 4 11 0 -1
20 3 2 11 0 2
haar_x2
0.031099 0 -1
-0.075007 0.907816 
1
2
8 6 6 9 0 -1
10 6 2 9 0 3
haar_x3
0.035854 0 -1
-0.247955 0.722721 
1
3
6 11 12 8 0 -1
12 11 6 4 0 2
6 15 6 4 0 2
haar_x2_y2
-0.031535 0 -1
-1.123833 0.209883 
1
3
0 8 12 6 0 -1
0 8 6 3 0 2
6 11 6 3 0 2
haar_x2_y2
-0.019437 0 -1
-1.449939 -0.015100 
1
2
6 17 18 3 0 -1
6 18 18 1 0 3
haar_y3
-0.007242 0 -1
0.538649 -0.113754 
1
2
0 14 9 6 0 -1
0 16 9 2 0 3
haar_y3
0.008164 0 -1
0.066889 -0.768729 
1
2
20 3 4 9 0 -1
20 3 2 9 0 2
haar_x2
-0.043653 0 -1
1.141353 0.040217 
1
2
0 3 4 9 0 -1
2 3 2 9 0 2
haar_x2
0.026570 0 -1
-0.247191 0.592951 
1
2
15 0 9 19 0 -1
18 0 3 19 0 3
haar_x3
0.032217 0 -1
-0.040025 0.326880 
1
2
0 0 9 19 0 -1
3 0 3 19 0 3
haar_x3
-0.072236 0 -1
0.587294 -0.253960 
1
2
13 11 6 8 0 -1
13 11 3 8 0 2
haar_x2
0.031425 0 -1
0.153151 -0.560421 
1
2
5 11 6 8 0 -1
8 11 3 8 0 2
haar_x2
-0.000477 0 -1
0.169589 -0.526267 
1
2
5 11 19 3 0 -1
5 12 19 1 0 3
haar_y3
0.002719 0 -1
-0.149446 0.296587 
1
2
3 20 18 4 0 -1
9 20 6 4 0 3
haar_x3
0.032875 0 -1
-0.399435 0.251566 
1
2
6 6 16 6 0 -1
6 8 16 2 0 3
haar_y3
-0.014553 0 -1
0.279726 -0.472038 
1
2
6 0 9 6 0 -1
9 0 3 6 0 3
haar_x3
0.038018 0 -1
-0.002920 -1.130006 
1
2
10 3 4 14 0 -1
10 10 4 7 0 2
haar_y2
0.002866 0 -1
0.411118 -0.262208 
1
2
1 5 15 12 0 -1
1 11 15 6 0 2
haar_y2
-0.041607 0 -1
-1.429382 -0.019133 
1
2
11 12 8 5 0 -1
11 12 4 5 0 2
haar_x2
-0.024803 0 -1
-0.250136 0.159787 
1
2
5 0 6 9 0 -1
7 0 2 9 0 3
haar_x3
0.010098 0 -1
0.043739 -0.699861 
1
2
12 0 6 9 0 -1
14 0 2 9 0 3
haar_x3
-0.020947 0 -1
-0.941378 0.232040 
1
3
5 5 12 8 0 -1
5 5 6 4 0 2
11 9 6 4 0 2
haar_x2_y2
0.022458 0 -1
-0.271858 0.453192 
1
2
13 12 11 6 0 -1
13 14 11 2 0 3
haar_y3
-0.037111 0 -1
-1.031466 0.144218 
1
2
0 13 21 3 0 -1
0 14 21 1 0 3
haar_y3
-0.010648 0 -1
0.631070 -0.255208 
1
3
8 1 8 12 0 -1
12 1 4 6 0 2
8 7 4 6 0 2
haar_x2_y2
0.055423 0 -1
0.162066 -1.772264 
1
3
1 0 6 12 0 -1
1 0 3 6 0 2
4 6 3 6 0 2
haar_x2_y2
0.021602 0 -1
-0.250161 0.541198 
1
2
2 2 21 2 0 -1
2 3 21 1 0 2
haar_y2
0.000087 0 -1
-0.290089 0.335080 
1
2
2 2 19 3 0 -1
2 3 19 1 0 3
haar_y3
0.014406 0 -1
-0.007884 -1.167722 
1
3
17 10 6 14 0 -1
20 10 3 7 0 2
17 17 3 7 0 2
haar_x2_y2
0.107774 0 -1
0.112920 -2.494032 
1
3
1 10 6 14 0 -1
1 10 3 7 0 2
4 17 3 7 0 2
haar_x2_y2
0.035944 0 -1
-0.194806 0.957575 
1
3
7 6 14 14 0 -1
14 6 7 7 0 2
7 13 7 7 0 2
haar_x2_y2
-0.003951 0 -1
0.309278 -0.255302 
1
2
0 12 9 6 0 -1
0 14 9 2 0 3
haar_y3
0.020942 0 -1
-0.007632 -1.008635 
1
2
15 14 8 9 0 -1
15 17 8 3 0 3
haar_y3
-0.029878 0 -1
-0.460277 0.195072 
1
3
1 1 22 4 0 -1
1 1 11 2 0 2
12 3 11 2 0 2
haar_x2_y2
0.025972 0 -1
-0.012188 -1.003550 
1
2
9 11 9 6 0 -1
9 13 9 2 0 3
haar_y3
0.010603 0 -1
-0.075969 0.416699 
1
2
0 15 18 3 0 -1
0 16 18 1 0 3
haar_y3
0.008582 0 -1
-0.266486 0.391115 
1
2
16 14 7 9 0 -1
16 17 7 3 0 3
haar_y3
0.021271 0 -1
0.182739 -0.360523 
1
2
4 3 16 4 0 -1
12 3 8 4 0 2
haar_x2
0.074518 0 -1
-0.189384 0.926580 
1
2
7 6 12 5 0 -1
7 6 6 5 0 2
haar_x2
0.004657 0 -1
-0.145062 0.332946 
1
2
9 6 4 9 0 -1
11 6 2 9 0 2
haar_x2
0.001712 0 -1
-0.524640 0.089880 
1
2
12 1 4 10 0 -1
12 1 2 10 0 2
haar_x2
0.000985 0 -1
-0.383820 0.243930 
1
2
8 1 4 10 0 -1
10 1 2 10 0 2
haar_x2
0.028234 0 -1
-0.005788 -1.261714 
1
2
15 15 6 9 0 -1
15 18 6 3 0 3
haar_y3
-0.032678 0 -1
-0.579533 0.169553 
1
2
3 15 6 9 0 -1
3 18 6 3 0 3
haar_y3
0.022536 0 -1
0.022281 -0.878696 
1
2
15 1 3 19 0 -1
16 1 1 19 0 3
haar_x3
-0.021658 0 -1
-0.651085 0.129669 
1
2
1 3 6 9 0 -1
3 3 2 9 0 3
haar_x3
0.007680 0 -1
-0.339652 0.220133 
1
2
15 0 3 19 0 -1
16 0 1 19 0 3
haar_x3
0.014592 0 -1
0.150773 -0.504524 
1
2
6 3 12 4 0 -1
12 3 6 4 0 2
haar_x2
0.027868 0 -1
-0.250453 0.457420 
1
2
10 5 4 9 0 -1
10 5 2 9 0 2
haar_x2
0.005694 0 -1
-0.109485 0.557578 
1
2
6 0 3 19 0 -1
7 0 1 19 0 3
haar_x3
-0.010003 0 -1
-0.973663 0.018468 
1
2
11 1 3 12 0 -1
11 7 3 6 0 2
haar_y2
-0.004072 0 -1
0.382222 -0.169211 
1
2
6 7 10 5 0 -1
11 7 5 5 0 2
haar_x2
-0.022594 0 -1
-1.039109 0.005184 
1
2
11 3 3 18 0 -1
12 3 1 18 0 3
haar_x3
-0.039580 0 -1
-5.510923 0.111640 
1
2
9 3 6 12 0 -1
11 3 2 12 0 3
haar_x3
-0.017538 0 -1
0.954858 -0.185845 
1
2
3 7 19 3 0 -1
3 8 19 1 0 3
haar_y3
0.009030 0 -1
0.010436 0.821148 
1
2
2 7 18 3 0 -1
2 8 18 1 0 3
haar_y3
-0.007954 0 -1
0.226329 -0.345682 
1
3
3 13 18 4 0 -1
12 13 9 2 0 2
3 15 9 2 0 2
haar_x2_y2
0.027091 0 -1
0.164301 -1.392638 
1
2
3 5 6 9 0 -1
5 5 2 9 0 3
haar_x3
-0.020626 0 -1
-0.863661 0.002388 
1
3
4 1 20 4 0 -1
14 1 10 2 0 2
4 3 10 2 0 2
haar_x2_y2
-0.071990 0 -1
-2.819263 0.115705 
1
3
0 1 20 4 0 -1
0 1 10 2 0 2
10 3 10 2 0 2
haar_x2_y2
-0.026965 0 -1
-1.294613 -0.024661 
1
2
10 15 6 6 0 -1
10 15 3 6 0 2
haar_x2
-0.047378 0 -1
-0.813064 0.118314 
1
2
0 2 24 8 0 -1
8 2 8 8 0 3
haar_x3
-0.108956 0 -1
0.659379 -0.208439 
1
2
5 5 18 3 0 -1
5 6 18 1 0 3
haar_y3
0.013574 0 -1
0.007424 0.531522 
1
2
8 15 6 6 0 -1
11 15 3 6 0 2
haar_x2
-0.006692 0 -1
0.306558 -0.310843 
1
2
11 12 8 5 0 -1
11 12 4 5 0 2
haar_x2
-0.003907 0 -1
0.255765 -0.052932 
1
2
5 12 8 5 0 -1
9 12 4 5 0 2
haar_x2
-0.037613 0 -1
-1.435005 -0.015448 
1
2
5 0 14 6 0 -1
5 2 14 2 0 3
haar_y3
0.008633 0 -1
-0.168844 0.421249 
1
2
10 2 4 15 0 -1
10 7 4 5 0 3
haar_y3
-0.032097 0 -1
-0.649794 0.041110 
1
2
10 7 5 12 0 -1
10 11 5 4 0 3
haar_y3
0.058496 0 -1
-0.052964 0.633683 
1
3
7 9 8 14 0 -1
7 9 4 7 0 2
11 16 4 7 0 2
haar_x2_y2
-0.040902 0 -1
-0.921011 0.009064 
1
3
1 5 22 6 0 -1
12 5 11 3 0 2
1 8 11 3 0 2
haar_x2_y2
-0.019925 0 -1
0.537600 -0.062997 
1
2
0 5 6 6 0 -1
0 8 6 3 0 2
haar_y2
-0.004602 0 -1
-0.543335 0.084105 
1
2
12 17 9 4 0 -1
12 19 9 2 0 2
haar_y2
0.016825 0 -1
0.155637 -0.401712 
1
2
2 18 19 3 0 -1
2 19 19 1 0 3
haar_y3
0.009479 0 -1
-0.242453 0.515095 
1
2
12 17 9 4 0 -1
12 19 9 2 0 2
haar_y2
-0.019535 0 -1
-0.511184 0.138320 
1
2
1 17 18 3 0 -1
1 18 18 1 0 3
haar_y3
0.010746 0 -1
-0.218550 0.628287 
1
2
12 17 9 4 0 -1
12 19 9 2 0 2
haar_y2
0.037927 0 -1
0.116403 -2.730196 
1
2
0 0 24 3 0 -1
0 1 24 1 0 3
haar_y3
0.016391 0 -1
-0.014636 -1.079725 
1
2
5 0 14 4 0 -1
5 2 14 2 0 2
haar_y2
-0.019785 0 -1
1.216642 0.033275 
1
2
6 14 9 6 0 -1
6 16 9 2 0 3
haar_y3
0.011067 0 -1
-0.253883 0.440386 
1
2
14 13 6 9 0 -1
14 16 6 3 0 3
haar_y3
0.005248 0 -1
0.224968 -0.242165 
1
2
5 20 13 4 0 -1
5 22 13 2 0 2
haar_y2
-0.011142 0 -1
0.250181 -0.308115 
1
2
9 9 6 12 0 -1
9 13 6 4 0 3
haar_y3
-0.010667 0 -1
-0.327291 0.261683 
1
2
1 10 21 3 0 -1
8 10 7 3 0 3
haar_x3
0.105453 0 -1
-0.055750 -1.960573 
1
2
8 8 9 6 0 -1
11 8 3 6 0 3
haar_x3
0.054828 0 -1
-0.001952 0.738661 
1
2
3 10 9 7 0 -1
6 10 3 7 0 3
haar_x3
0.017761 0 -1
-0.306472 0.263470 
1
3
12 10 10 8 0 -1
17 10 5 4 0 2
12 14 5 4 0 2
haar_x2_y2
-0.031186 0 -1
-0.246009 0.170822 
1
2
0 15 24 3 0 -1
8 15 8 3 0 3
haar_x3
-0.057296 0 -1
0.470335 -0.260483 
1
2
8 5 9 6 0 -1
8 7 9 2 0 3
haar_y3
-0.011312 0 -1
0.386289 -0.288170 
1
2
4 13 6 9 0 -1
4 16 6 3 0 3
haar_y3
0.030592 0 -1
-0.048826 -1.763897 
1
2
12 17 9 4 0 -1
12 19 9 2 0 2
haar_y2
0.001849 0 -1
0.210999 -0.025941 
1
2
9 12 6 6 0 -1
9 15 6 3 0 2
haar_y2
0.011419 0 -1
-0.168296 1.027866 
1
3
9 9 14 10 0 -1
16 9 7 5 0 2
9 14 7 5 0 2
haar_x2_y2
0.081403 0 -1
0.115320 -1.248240 
1
3
1 9 14 10 0 -1
1 9 7 5 0 2
8 14 7 5 0 2
haar_x2_y2
0.053496 0 -1
-0.046304 -1.716597 
1
2
8 7 9 17 0 -1
11 7 3 17 0 3
haar_x3
-0.023948 0 -1
-0.402466 0.205621 
1
3
3 4 6 20 0 -1
3 4 3 10 0 2
6 14 3 10 0 2
haar_x2_y2
0.006769 0 -1
-0.331523 0.206834 
1
2
7 8 10 4 0 -1
7 8 5 4 0 2
haar_x2
-0.032344 0 -1
-0.726328 0.200735 
1
2
10 7 4 9 0 -1
12 7 2 9 0 2
haar_x2
0.037863 0 -1
-0.156310 1.669746 
1
2
10 15 6 9 0 -1
12 15 2 9 0 3
haar_x3
0.015440 0 -1
0.194874 -0.353842 
1
3
3 8 6 16 0 -1
3 8 3 8 0 2
6 16 3 8 0 2
haar_x2_y2
-0.044376 0 -1
0.820936 -0.181936 
1
2
12 17 9 4 0 -1
12 19 9 2 0 2
haar_y2
-0.023102 0 -1
-0.430441 0.123754 
1
2
3 17 9 4 0 -1
3 19 9 2 0 2
haar_y2
0.019400 0 -1
-0.029726 -1.159759 
1
2
10 1 9 6 0 -1
13 1 3 6 0 3
haar_x3
0.103857 0 -1
0.111499 -4.683522 
1
2
5 7 4 10 0 -1
5 12 4 5 0 2
haar_y2
-0.018964 0 -1
2.177382 -0.145444 
1
2
7 5 12 6 0 -1
11 5 4 6 0 3
haar_x3
0.038751 0 -1
-0.049446 0.340183 
1
2
6 4 9 8 0 -1
9 4 3 8 0 3
haar_x3
0.022767 0 -1
-0.328030 0.305314 
1
3
12 16 10 8 0 -1
17 16 5 4 0 2
12 20 5 4 0 2
haar_x2_y2
-0.031357 0 -1
1.152082 0.027306 
1
3
2 16 10 8 0 -1
2 16 5 4 0 2
7 20 5 4 0 2
haar_x2_y2
0.009691 0 -1
-0.387995 0.215126 
1
3
0 0 24 4 0 -1
12 0 12 2 0 2
0 2 12 2 0 2
haar_x2_y2
-0.049285 0 -1
-1.677491 0.157742 
1
2
0 6 9 6 0 -1
0 8 9 2 0 3
haar_y3
-0.039511 0 -1
-0.976479 -0.010552 
1
3
0 4 24 6 0 -1
12 4 12 3 0 2
0 7 12 3 0 2
haar_x2_y2
0.047998 0 -1
0.208439 -0.689928 
1
2
5 0 11 4 0 -1
5 2 11 2 0 2
haar_y2
0.051423 0 -1
-0.166653 1.214924 
1
3
1 1 22 4 0 -1
12 1 11 2 0 2
1 3 11 2 0 2
haar_x2_y2
0.014280 0 -1
0.236277 -0.413968 
1
2
9 6 6 18 0 -1
9 15 6 9 0 2
haar_y2
-0.091612 0 -1
-0.928309 -0.018345 
1
2
2 9 20 4 0 -1
2 11 20 2 0 2
haar_y2
0.006508 0 -1
-0.736472 0.194971 
1
2
5 2 14 14 0 -1
5 9 14 7 0 2
haar_y2
0.035723 0 -1
0.141978 -0.420893 
1
2
4 2 16 6 0 -1
4 5 16 3 0 2
haar_y2
0.050638 0 -1
0.011644 0.784866 
1
2
2 3 19 3 0 -1
2 4 19 1 0 3
haar_y3
-0.014614 0 -1
-1.190950 -0.035128 
1
2
7 1 10 4 0 -1
7 3 10 2 0 2
haar_y2
-0.038663 0 -1
2.431473 0.065648 
1
2
0 9 4 15 0 -1
0 14 4 5 0 3
haar_y3
-0.040347 0 -1
0.717553 -0.191083 
1
2
2 10 21 3 0 -1
2 11 21 1 0 3
haar_y3
0.023902 0 -1
0.156462 -0.792948 
-3.426590
