200
1
2
6 4 12 9 0 -1
6 7 12 3 0 3
haar_y3
-0.095944 0 -1
0.624191 -0.458752 
1
2
6 5 12 6 0 -1
10 5 4 6 0 3
haar_x3
0.016834 0 -1
-0.930728 0.215636 
1
2
1 1 8 5 0 -1
5 1 4 5 0 2
haar_x2
0.026050 0 -1
-0.405323 0.422566 
1
2
12 12 6 8 0 -1
12 16 6 4 0 2
haar_y2
0.000365 0 -1
0.095288 -0.632981 
1
2
3 12 12 6 0 -1
3 14 12 2 0 3
haar_y3
-0.006694 0 -1
0.372438 -0.303324 
1
3
9 18 12 6 0 -1
15 18 6 3 0 2
9 21 6 3 0 2
haar_x2_y2
0.018874 0 -1
-0.233572 0.403307 
1
2
4 13 6 6 0 -1
4 16 6 3 0 2
haar_y2
-0.000163 0 -1
0.042887 -0.777968 
1
2
11 3 7 18 0 -1
11 12 7 9 0 2
haar_y2
-0.076259 0 -1
-0.496285 0.163354 
1
2
3 9 18 3 0 -1
9 9 6 3 0 3
haar_x3
0.050149 0 -1
0.032747 -0.800479 
1
2
5 3 19 2 0 -1
5 4 19 1 0 2
haar_y2
-0.002924 0 -1
-0.500028 0.254806 
1
3
4 2 12 6 0 -1
4 2 6 3 0 2
10 5 6 3 0 2
haar_x2_y2
0.016244 0 -1
0.038913 -0.707249 
1
2
9 6 6 9 0 -1
11 6 2 9 0 3
haar_x3
0.037812 0 -1
-0.066268 0.738688 
1
2
8 6 6 9 0 -1
10 6 2 9 0 3
haar_x3
-0.012320 0 -1
0.486964 -0.244856 
1
2
16 9 5 15 0 -1
16 14 5 5 0 3
haar_y3
0.058004 0 -1
0.134591 -0.132321 
1
2
3 9 5 15 0 -1
3 14 5 5 0 3
haar_y3
0.004863 0 -1
-0.441729 0.140056 
1
3
6 6 14 6 0 -1
13 6 7 3 0 2
6 9 7 3 0 2
haar_x2_y2
0.045691 0 -1
0.031218 0.898183 
1
2
8 6 3 14 0 -1
8 13 3 7 0 2
haar_y2
0.021321 0 -1
0.012008 -0.860662 
1
2
0 16 24 5 0 -1
8 16 8 5 0 3
haar_x3
0.156791 0 -1
0.014056 0.853329 
1
2
0 20 20 3 0 -1
10 20 10 3 0 2
haar_x2
-0.010329 0 -1
0.290228 -0.294788 
1
2
5 10 18 2 0 -1
5 11 18 1 0 2
haar_y2
0.002429 0 -1
-0.404399 0.194002 
1
2
0 6 6 10 0 -1
2 6 2 10 0 3
haar_x3
-0.023339 0 -1
0.329452 -0.257127 
1
2
2 1 20 3 0 -1
2 2 20 1 0 3
haar_y3
-0.006897 0 -1
-0.533530 0.216352 
1
2
9 13 6 11 0 -1
11 13 2 11 0 3
haar_x3
-0.034403 0 -1
-1.442549 -0.044683 
1
2
9 15 6 8 0 -1
9 19 6 4 0 2
haar_y2
-0.021235 0 -1
-0.790175 0.190841 
1
2
9 12 6 9 0 -1
9 15 6 3 0 3
haar_y3
0.002062 0 -1
-0.269312 0.314880 
1
2
5 11 18 2 0 -1
5 12 18 1 0 2
haar_y2
-0.004219 0 -1
-0.544644 0.165746 
1
2
2 6 15 6 0 -1
2 8 15 2 0 3
haar_y3
-0.014335 0 -1
0.022105 -0.623425 
1
2
6 0 18 3 0 -1
6 1 18 1 0 3
haar_y3
-0.008212 0 -1
-0.498850 0.192371 
1
2
5 0 3 18 0 -1
6 0 1 18 0 3
haar_x3
-0.009335 0 -1
-0.791312 -0.014144 
1
2
18 3 6 10 0 -1
20 3 2 10 0 3
haar_x3
-0.037938 0 -1
0.798413 -0.033799 
1
2
0 3 6 10 0 -1
2 3 2 10 0 3
haar_x3
0.004706 0 -1
-0.331634 0.207263 
1
2
10 5 8 9 0 -1
10 5 4 9 0 2
haar_x2
-0.004450 0 -1
-0.272563 0.184022 
1
2
6 5 8 9 0 -1
10 5 4 9 0 2
haar_x2
0.005219 0 -1
-0.530960 0.052608 
1
2
3 2 20 3 0 -1
3 3 20 1 0 3
haar_y3
-0.009540 0 -1
-0.564854 0.192694 
1
2
5 2 13 4 0 -1
5 4 13 2 0 2
haar_y2
0.044970 0 -1
-0.174115 0.953826 
1
2
17 0 7 14 0 -1
17 7 7 7 0 2
haar_y2
0.014209 0 -1
-0.091949 0.248361 
1
2
0 0 7 14 0 -1
0 7 7 7 0 2
haar_y2
0.163802 0 -1
-0.058497 -1.640441 
1
2
9 11 10 6 0 -1
9 11 5 6 0 2
haar_x2
0.002558 0 -1
0.234480 -0.092734 
1
2
5 11 10 6 0 -1
10 11 5 6 0 2
haar_x2
-0.003850 0 -1
0.178807 -0.358441 
1
2
11 6 3 18 0 -1
11 12 3 6 0 3
haar_y3
-0.025222 0 -1
-0.429030 0.202445 
1
2
0 16 18 3 0 -1
0 17 18 1 0 3
haar_y3
-0.019415 0 -1
0.580163 -0.188064 
1
2
6 16 18 3 0 -1
6 17 18 1 0 3
haar_y3
0.014420 0 -1
0.032847 0.819805 
1
2
4 6 9 10 0 -1
4 11 9 5 0 2
haar_y2
0.051583 0 -1
0.069176 -0.458663 
1
2
9 7 15 4 0 -1
9 9 15 2 0 2
haar_y2
-0.037960 0 -1
-1.255300 0.143329 
1
3
5 6 12 6 0 -1
5 6 6 3 0 2
11 9 6 3 0 2
haar_x2_y2
-0.029561 0 -1
0.531518 -0.205965 
1
2
6 1 12 9 0 -1
6 4 12 3 0 3
haar_y3
-0.039111 0 -1
1.165872 0.053897 
1
3
7 9 6 12 0 -1
7 9 3 6 0 2
10 15 3 6 0 2
haar_x2_y2
-0.029159 0 -1
0.393076 -0.221845 
1
2
11 5 13 6 0 -1
11 7 13 2 0 3
haar_y3
-0.083617 0 -1
-0.737445 0.142682 
1
2
1 11 22 13 0 -1
12 11 11 13 0 2
haar_x2
0.420040 0 -1
-0.142774 1.789484 
1
2
18 8 6 6 0 -1
18 11 6 3 0 2
haar_y2
0.060005 0 -1
0.119767 -1.888619 
1
2
0 8 6 6 0 -1
0 11 6 3 0 2
haar_y2
-0.018981 0 -1
-1.414845 -0.056523 
1
2
0 6 24 3 0 -1
0 7 24 1 0 3
haar_y3
-0.006005 0 -1
0.441708 -0.102008 
1
2
0 5 10 6 0 -1
0 7 10 2 0 3
haar_y3
-0.058214 0 -1
-1.391847 -0.048269 
1
2
6 7 18 3 0 -1
6 8 18 1 0 3
haar_y3
-0.012271 0 -1
0.513177 -0.093697 
1
2
0 0 10 6 0 -1
0 2 10 2 0 3
haar_y3
0.046586 0 -1
-0.057484 -1.428317 
1
2
19 0 3 19 0 -1
20 0 1 19 0 3
haar_x3
0.001211 0 -1
-0.080892 0.323332 
1
3
4 6 12 16 0 -1
4 6 6 8 0 2
10 14 6 8 0 2
haar_x2_y2
-0.088642 0 -1
-0.864491 -0.033147 
1
3
19 6 4 18 0 -1
21 6 2 9 0 2
19 15 2 9 0 2
haar_x2_y2
-0.023185 0 -1
0.521622 -0.016168 
1
3
1 6 4 18 0 -1
1 6 2 9 0 2
3 15 2 9 0 2
haar_x2_y2
0.043090 0 -1
-0.161538 1.091500 
1
2
3 21 18 3 0 -1
3 22 18 1 0 3
haar_y3
0.000206 0 -1
-0.170915 0.312367 
1
2
0 19 9 4 0 -1
0 21 9 2 0 2
haar_y2
0.008916 0 -1
-0.006704 -0.688104 
1
3
12 18 12 6 0 -1
18 18 6 3 0 2
12 21 6 3 0 2
haar_x2_y2
-0.017753 0 -1
0.632928 -0.004236 
1
2
7 18 9 4 0 -1
7 20 9 2 0 2
haar_y2
0.006230 0 -1
-0.336372 0.127906 
1
3
12 16 10 8 0 -1
17 16 5 4 0 2
12 20 5 4 0 2
haar_x2_y2
0.022770 0 -1
-0.034704 0.391418 
1
3
2 16 10 8 0 -1
2 16 5 4 0 2
7 20 5 4 0 2
haar_x2_y2
-0.021535 0 -1
0.647651 -0.200978 
1
3
14 0 10 12 0 -1
19 0 5 6 0 2
14 6 5 6 0 2
haar_x2_y2
0.061759 0 -1
0.054297 0.907001 
1
3
0 0 10 12 0 -1
0 0 5 6 0 2
5 6 5 6 0 2
haar_x2_y2
-0.078070 0 -1
0.655234 -0.197544 
1
2
15 14 9 6 0 -1
15 16 9 2 0 3
haar_y3
0.011315 0 -1
0.193853 -0.517073 
1
2
0 14 9 6 0 -1
0 16 9 2 0 3
haar_y3
-0.025590 0 -1
-0.930965 -0.031547 
1
2
14 14 10 6 0 -1
14 16 10 2 0 3
haar_y3
-0.038059 0 -1
-0.683269 0.127091 
1
2
0 14 10 6 0 -1
0 16 10 2 0 3
haar_y3
0.009797 0 -1
0.015524 -0.633479 
1
2
5 18 18 2 0 -1
5 19 18 1 0 2
haar_y2
-0.013842 0 -1
1.006053 0.062813 
1
2
0 18 18 3 0 -1
0 19 18 1 0 3
haar_y3
0.008346 0 -1
-0.233832 0.309827 
1
3
3 5 18 12 0 -1
12 5 9 6 0 2
3 11 9 6 0 2
haar_x2_y2
-0.071440 0 -1
-0.725054 0.171483 
1
2
5 3 7 9 0 -1
5 6 7 3 0 3
haar_y3
0.010006 0 -1
-0.220720 0.352662 
1
2
4 0 19 15 0 -1
4 5 19 5 0 3
haar_y3
0.110053 0 -1
0.166620 -0.743190 
1
2
3 0 16 4 0 -1
3 2 16 2 0 2
haar_y2
0.035311 0 -1
-0.239827 0.414360 
1
2
4 12 16 12 0 -1
4 12 8 12 0 2
haar_x2
-0.111747 0 -1
0.510454 0.002232 
1
2
4 3 12 15 0 -1
10 3 6 15 0 2
haar_x2
-0.113678 0 -1
0.904752 -0.166153 
1
2
16 4 2 19 0 -1
16 4 1 19 0 2
haar_x2
0.016668 0 -1
0.140245 -0.521785 
1
2
6 4 2 19 0 -1
7 4 1 19 0 2
haar_x2
-0.008034 0 -1
-0.661784 0.003764 
1
3
13 14 8 10 0 -1
17 14 4 5 0 2
13 19 4 5 0 2
haar_x2_y2
-0.033097 0 -1
0.801859 0.059385 
1
3
3 14 8 10 0 -1
3 14 4 5 0 2
7 19 4 5 0 2
haar_x2_y2
0.012548 0 -1
-0.335455 0.145786 
1
2
12 6 3 18 0 -1
12 12 3 6 0 3
haar_y3
-0.042074 0 -1
-0.555091 0.132666 
1
3
5 11 12 6 0 -1
5 11 6 3 0 2
11 14 6 3 0 2
haar_x2_y2
0.025222 0 -1
-0.061632 -1.367877 
1
3
10 5 8 10 0 -1
14 5 4 5 0 2
10 10 4 5 0 2
haar_x2_y2
-0.024269 0 -1
0.341851 -0.007416 
1
3
6 4 12 10 0 -1
6 4 6 5 0 2
12 9 6 5 0 2
haar_x2_y2
-0.012280 0 -1
0.277458 -0.310339 
1
3
6 8 18 10 0 -1
15 8 9 5 0 2
6 13 9 5 0 2
haar_x2_y2
-0.113771 0 -1
1.171954 0.083681 
1
3
0 8 18 10 0 -1
0 8 9 5 0 2
9 13 9 5 0 2
haar_x2_y2
-0.084772 0 -1
0.816948 -0.178375 
1
2
12 6 3 18 0 -1
12 12 3 6 0 3
haar_y3
-0.024552 0 -1
-0.186273 0.143401 
1
2
0 14 18 3 0 -1
0 15 18 1 0 3
haar_y3
-0.009027 0 -1
0.326592 -0.235413 
1
2
12 6 3 18 0 -1
12 12 3 6 0 3
haar_y3
0.011178 0 -1
0.197612 -0.021701 
1
2
9 6 3 18 0 -1
9 12 3 6 0 3
haar_y3
-0.029367 0 -1
-0.934148 -0.021705 
1
2
6 14 18 3 0 -1
6 15 18 1 0 3
haar_y3
0.006364 0 -1
0.025573 0.464128 
1
2
0 5 18 3 0 -1
0 6 18 1 0 3
haar_y3
0.014026 0 -1
-0.212286 0.400788 
1
2
2 5 22 3 0 -1
2 6 22 1 0 3
haar_y3
-0.013342 0 -1
0.742027 0.029002 
1
2
0 0 21 10 0 -1
7 0 7 10 0 3
haar_x3
0.284228 0 -1
-0.192436 0.436312 
1
2
6 3 18 17 0 -1
12 3 6 17 0 3
haar_x3
-0.237240 0 -1
0.697364 0.069308 
1
2
0 3 18 17 0 -1
6 3 6 17 0 3
haar_x3
-0.111697 0 -1
0.391472 -0.209220 
1
2
0 12 24 11 0 -1
8 12 8 11 0 3
haar_x3
0.127875 0 -1
-0.072556 0.360882 
1
2
4 10 16 6 0 -1
4 13 16 3 0 2
haar_y2
-0.062901 0 -1
0.954250 -0.154028 
1
2
12 8 6 8 0 -1
12 12 6 4 0 2
haar_y2
0.017439 0 -1
-0.051135 0.277503 
1
2
6 14 8 7 0 -1
10 14 4 7 0 2
haar_x2
0.001232 0 -1
0.075628 -0.364561 
1
3
15 10 6 14 0 -1
18 10 3 7 0 2
15 17 3 7 0 2
haar_x2_y2
0.027495 0 -1
0.051844 0.415626 
1
3
3 10 6 14 0 -1
3 10 3 7 0 2
6 17 3 7 0 2
haar_x2_y2
-0.043544 0 -1
0.719700 -0.171322 
1
2
6 12 18 2 0 -1
6 13 18 1 0 2
haar_y2
0.011026 0 -1
0.143546 -0.654030 
1
2
5 8 10 6 0 -1
5 10 10 2 0 3
haar_y3
0.020866 0 -1
0.040089 -0.457433 
1
2
12 11 9 4 0 -1
12 13 9 2 0 2
haar_y2
-0.022304 0 -1
0.538550 0.071663 
1
2
0 11 9 6 0 -1
0 13 9 2 0 3
haar_y3
0.032492 0 -1
-0.045992 -1.004707 
1
2
11 2 3 18 0 -1
12 2 1 18 0 3
haar_x3
0.012270 0 -1
0.034335 0.424318 
1
2
10 2 3 18 0 -1
11 2 1 18 0 3
haar_x3
0.008382 0 -1
-0.258506 0.262635 
1
2
9 12 6 10 0 -1
11 12 2 10 0 3
haar_x3
0.037354 0 -1
0.156925 -1.042909 
1
2
1 10 6 9 0 -1
1 13 6 3 0 3
haar_y3
-0.014111 0 -1
-0.731777 -0.020277 
1
3
6 9 16 6 0 -1
14 9 8 3 0 2
6 12 8 3 0 2
haar_x2_y2
0.057067 0 -1
0.083360 1.566150 
1
2
1 8 9 6 0 -1
1 10 9 2 0 3
haar_y3
0.004968 0 -1
-0.353182 0.146984 
1
2
7 7 16 6 0 -1
7 9 16 2 0 3
haar_y3
-0.024493 0 -1
0.283259 -0.003464 
1
2
0 0 18 3 0 -1
0 1 18 1 0 3
haar_y3
-0.011255 0 -1
-0.840175 -0.036252 
1
2
10 0 6 9 0 -1
12 0 2 9 0 3
haar_x3
0.034533 0 -1
0.149985 -0.873671 
1
2
9 5 6 6 0 -1
12 5 3 6 0 2
haar_x2
0.024303 0 -1
-0.187875 0.594840 
1
3
10 6 4 18 0 -1
12 6 2 9 0 2
10 15 2 9 0 2
haar_x2_y2
-0.007879 0 -1
0.443157 -0.056571 
1
2
8 0 6 9 0 -1
10 0 2 9 0 3
haar_x3
0.035142 0 -1
-0.056495 -1.361719 
1
2
9 1 6 9 0 -1
9 4 6 3 0 3
haar_y3
0.004626 0 -1
-0.311617 0.254477 
1
2
1 0 18 9 0 -1
1 3 18 3 0 3
haar_y3
-0.083131 0 -1
1.642435 -0.144294 
1
2
0 3 24 3 0 -1
0 4 24 1 0 3
haar_y3
-0.014016 0 -1
-0.778195 0.171733 
1
2
6 14 9 4 0 -1
6 16 9 2 0 2
haar_y2
0.001245 0 -1
-0.231914 0.285279 
1
3
8 9 8 10 0 -1
12 9 4 5 0 2
8 14 4 5 0 2
haar_x2_y2
-0.016803 0 -1
-0.359651 0.204130 
1
2
5 2 13 9 0 -1
5 5 13 3 0 3
haar_y3
-0.076748 0 -1
0.780505 -0.156128 
1
2
4 4 16 9 0 -1
4 7 16 3 0 3
haar_y3
-0.236720 0 -1
1.181370 0.078112 
1
2
4 4 14 9 0 -1
4 7 14 3 0 3
haar_y3
-0.100574 0 -1
-0.471041 0.079173 
1
2
8 5 9 6 0 -1
8 7 9 2 0 3
haar_y3
0.001324 0 -1
0.222627 -0.370998 
1
2
1 7 16 6 0 -1
1 9 16 2 0 3
haar_y3
0.022153 0 -1
-0.038649 -0.922750 
1
2
10 5 13 9 0 -1
10 8 13 3 0 3
haar_y3
-0.112462 0 -1
0.418996 0.080411 
1
2
1 5 13 9 0 -1
1 8 13 3 0 3
haar_y3
0.016481 0 -1
-0.167567 0.718424 
1
3
0 4 24 6 0 -1
12 4 12 3 0 2
0 7 12 3 0 2
haar_x2_y2
0.068114 0 -1
0.157199 -0.876811 
1
2
1 14 10 9 0 -1
1 17 10 3 0 3
haar_y3
0.016012 0 -1
-0.004160 -0.593278 
1
2
5 17 18 3 0 -1
5 18 18 1 0 3
haar_y3
0.004664 0 -1
-0.030154 0.483453 
1
2
0 16 18 3 0 -1
0 17 18 1 0 3
haar_y3
0.006758 0 -1
-0.226674 0.336623 
1
2
9 17 9 6 0 -1
9 19 9 2 0 3
haar_y3
0.004729 0 -1
-0.060374 0.314581 
1
3
1 20 22 4 0 -1
1 20 11 2 0 2
12 22 11 2 0 2
haar_x2_y2
0.002587 0 -1
-0.298726 0.177875 
1
2
8 14 8 6 0 -1
8 17 8 3 0 2
haar_y2
0.002899 0 -1
0.218902 -0.295671 
1
2
8 6 8 15 0 -1
8 11 8 5 0 3
haar_y3
-0.030054 0 -1
1.215043 -0.143550 
1
2
5 4 18 3 0 -1
5 5 18 1 0 3
haar_y3
0.014181 0 -1
0.012452 0.554901 
1
2
9 3 5 10 0 -1
9 8 5 5 0 2
haar_y2
-0.060527 0 -1
-1.493400 -0.065227 
1
2
6 8 12 3 0 -1
6 8 6 3 0 2
haar_x2
-0.019883 0 -1
-0.385264 0.197612 
1
3
2 6 18 6 0 -1
2 6 9 3 0 2
11 9 9 3 0 2
haar_x2_y2
0.031219 0 -1
-0.212812 0.294465 
1
3
10 6 4 18 0 -1
12 6 2 9 0 2
10 15 2 9 0 2
haar_x2_y2
0.018272 0 -1
0.000972 0.668142 
1
2
7 5 6 6 0 -1
10 5 3 6 0 2
haar_x2
0.001109 0 -1
-0.624679 -0.001660 
1
2
14 5 2 18 0 -1
14 14 2 9 0 2
haar_y2
-0.036714 0 -1
-0.423339 0.120847 
1
2
8 5 2 18 0 -1
8 14 2 9 0 2
haar_y2
0.012044 0 -1
0.025882 -0.507324 
1
2
9 2 10 6 0 -1
9 2 5 6 0 2
haar_x2
0.074749 0 -1
0.131847 -0.217396 
1
2
3 1 18 12 0 -1
12 1 9 12 0 2
haar_x2
-0.234732 0 -1
1.177561 -0.151147 
1
2
5 2 17 22 0 -1
5 13 17 11 0 2
haar_y2
0.140965 0 -1
0.033991 0.399231 
1
2
4 0 12 6 0 -1
4 2 12 2 0 3
haar_y3
0.006179 0 -1
-0.318067 0.116817 
1
3
6 9 16 6 0 -1
14 9 8 3 0 2
6 12 8 3 0 2
haar_x2_y2
-0.057217 0 -1
0.843991 0.083889 
1
2
9 0 5 18 0 -1
9 9 5 9 0 2
haar_y2
-0.055227 0 -1
0.368883 -0.189134 
1
2
12 0 6 9 0 -1
14 0 2 9 0 3
haar_x3
-0.021583 0 -1
-0.521618 0.157726 
1
2
6 0 6 9 0 -1
8 0 2 9 0 3
haar_x3
0.025748 0 -1
-0.059922 -1.067499 
1
2
9 1 6 12 0 -1
11 1 2 12 0 3
haar_x3
-0.013099 0 -1
0.789584 0.052100 
1
2
5 9 13 4 0 -1
5 11 13 2 0 2
haar_y2
0.002280 0 -1
-1.170443 -0.059357 
1
2
5 8 19 3 0 -1
5 9 19 1 0 3
haar_y3
0.008806 0 -1
0.041718 0.663526 
1
2
9 9 6 8 0 -1
9 13 6 4 0 2
haar_y2
-0.008970 0 -1
-0.358627 0.060458 
1
2
11 9 4 15 0 -1
11 14 4 5 0 3
haar_y3
0.004023 0 -1
0.209794 -0.248060 
1
3
2 0 6 14 0 -1
2 0 3 7 0 2
5 7 3 7 0 2
haar_x2_y2
0.025017 0 -1
-0.187959 0.395471 
1
3
15 1 6 14 0 -1
18 1 3 7 0 2
15 8 3 7 0 2
haar_x2_y2
-0.005901 0 -1
0.256639 -0.094919 
1
3
3 1 6 14 0 -1
3 1 3 7 0 2
6 8 3 7 0 2
haar_x2_y2
0.004385 0 -1
0.033139 -0.460754 
1
3
3 20 18 4 0 -1
12 20 9 2 0 2
3 22 9 2 0 2
haar_x2_y2
-0.033772 0 -1
-0.988816 0.146369 
1
3
5 0 4 20 0 -1
5 0 2 10 0 2
7 10 2 10 0 2
haar_x2_y2
0.044523 0 -1
-0.132867 1.579679 
1
3
16 8 8 12 0 -1
20 8 4 6 0 2
16 14 4 6 0 2
haar_x2_y2
-0.040929 0 -1
0.338771 0.074971 
1
3
0 8 8 12 0 -1
0 8 4 6 0 2
4 14 4 6 0 2
haar_x2_y2
0.039352 0 -1
-0.183279 0.469807 
1
3
13 13 10 8 0 -1
18 13 5 4 0 2
13 17 5 4 0 2
haar_x2_y2
-0.070323 0 -1
-0.983227 0.118081 
1
3
1 13 10 8 0 -1
1 13 5 4 0 2
6 17 5 4 0 2
haar_x2_y2
0.035743 0 -1
-0.033051 -0.836109 
1
2
15 8 4 15 0 -1
15 13 4 5 0 3
haar_y3
-0.042962 0 -1
1.167081 0.080692 
1
2
5 8 4 15 0 -1
5 13 4 5 0 3
haar_y3
-0.021008 0 -1
0.638698 -0.176263 
1
2
6 11 16 12 0 -1
6 15 16 4 0 3
haar_y3
-0.157422 0 -1
-0.233025 0.125175 
1
2
2 11 16 12 0 -1
2 15 16 4 0 3
haar_y3
0.007866 0 -1
-0.220380 0.271968 
1
2
14 12 7 9 0 -1
14 15 7 3 0 3
haar_y3
0.023622 0 -1
0.161273 -0.433290 
1
2
10 1 3 21 0 -1
10 8 3 7 0 3
haar_y3
0.074692 0 -1
-0.169920 0.588849 
1
2
13 11 9 4 0 -1
13 13 9 2 0 2
haar_y2
-0.000648 0 -1
0.258429 -0.035912 
1
2
3 10 17 9 0 -1
3 13 17 3 0 3
haar_y3
-0.016291 0 -1
-0.767644 -0.020473 
1
2
13 8 8 15 0 -1
13 13 8 5 0 3
haar_y3
-0.033134 0 -1
-0.271801 0.143257 
1
2
3 8 8 15 0 -1
3 13 8 5 0 3
haar_y3
0.048798 0 -1
0.076409 -0.414452 
1
3
11 14 10 8 0 -1
16 14 5 4 0 2
11 18 5 4 0 2
haar_x2_y2
0.002287 0 -1
-0.038629 0.207538 
1
3
0 18 22 6 0 -1
0 18 11 3 0 2
11 21 11 3 0 2
haar_x2_y2
0.045304 0 -1
-0.177779 0.634614 
1
2
0 16 24 4 0 -1
0 16 12 4 0 2
haar_x2
0.107058 0 -1
0.189723 -0.512362 
1
2
6 20 12 3 0 -1
12 20 6 3 0 2
haar_x2
-0.040525 0 -1
0.706150 -0.178033 
1
3
18 12 6 12 0 -1
21 12 3 6 0 2
18 18 3 6 0 2
haar_x2_y2
0.031969 0 -1
0.068150 0.687331 
1
3
0 12 6 12 0 -1
0 12 3 6 0 2
3 18 3 6 0 2
haar_x2_y2
-0.057617 0 -1
0.751705 -0.157650 
1
2
15 17 9 6 0 -1
15 19 9 2 0 3
haar_y3
0.013594 0 -1
0.194119 -0.245619 
1
3
1 6 22 10 0 -1
1 6 11 5 0 2
12 11 11 5 0 2
haar_x2_y2
0.071396 0 -1
-0.046881 -0.881983 
1
2
15 17 9 6 0 -1
15 19 9 2 0 3
haar_y3
-0.014896 0 -1
-0.445324 0.176799 
1
2
0 18 18 2 0 -1
0 19 18 1 0 2
haar_y2
-0.010026 0 -1
0.651227 -0.167100 
1
2
3 15 19 3 0 -1
3 16 19 1 0 3
haar_y3
0.003759 0 -1
-0.058301 0.344833 
1
2
0 13 18 3 0 -1
0 14 18 1 0 3
haar_y3
0.016263 0 -1
-0.155815 0.864327 
1
2
15 17 9 6 0 -1
15 19 9 2 0 3
haar_y3
-0.040176 0 -1
-0.610286 0.117964 
1
2
0 17 9 6 0 -1
0 19 9 2 0 3
haar_y3
0.027081 0 -1
-0.049602 -0.899900 
1
2
12 17 9 6 0 -1
12 19 9 2 0 3
haar_y3
0.052420 0 -1
0.112972 -1.083364 
1
2
3 17 9 6 0 -1
3 19 9 2 0 3
haar_y3
-0.019160 0 -1
-0.798801 -0.034079 
1
2
16 2 3 20 0 -1
17 2 1 20 0 3
haar_x3
-0.003773 0 -1
-0.191241 0.215352 
1
2
0 13 24 8 0 -1
0 17 24 4 0 2
haar_y2
0.075762 0 -1
-0.134217 1.680706 
1
3
9 1 6 22 0 -1
12 1 3 11 0 2
9 12 3 11 0 2
haar_x2_y2
-0.022173 0 -1
0.486010 0.003616 
-2.992828
