72
1
2
3 0 16 9 0 -1
3 3 16 3 0 3
haar_y3
0.046325 0 -1
-1.036267 0.822015 
1
2
15 6 7 15 0 -1
15 11 7 5 0 3
haar_y3
0.015407 0 -1
-1.232759 0.296477 
1
2
9 1 6 13 0 -1
11 1 2 13 0 3
haar_x3
0.012809 0 -1
-0.758523 0.579855 
1
2
17 2 6 14 0 -1
17 2 3 14 0 2
haar_x2
0.049151 0 -1
-0.389839 0.896803 
1
3
3 14 12 10 0 -1
3 14 6 5 0 2
9 19 6 5 0 2
haar_x2_y2
0.012621 0 -1
-0.717993 0.504409 
1
2
7 6 10 6 0 -1
7 8 10 2 0 3
haar_y3
-0.018769 0 -1
0.551476 -0.705554 
1
2
1 2 6 14 0 -1
4 2 3 14 0 2
haar_x2
0.041965 0 -1
-0.447821 0.709855 
1
2
10 4 5 12 0 -1
10 8 5 4 0 3
haar_y3
-0.051402 0 -1
-1.093212 0.267019 
1
2
0 17 24 5 0 -1
8 17 8 5 0 3
haar_x3
-0.070961 0 -1
0.836184 -0.383181 
1
2
15 7 5 12 0 -1
15 11 5 4 0 3
haar_y3
0.016746 0 -1
-0.257331 0.259665 
1
3
3 1 6 12 0 -1
3 1 3 6 0 2
6 7 3 6 0 2
haar_x2_y2
-0.006240 0 -1
0.316315 -0.587969 
1
2
12 13 6 6 0 -1
12 16 6 3 0 2
haar_y2
-0.039398 0 -1
-1.049121 0.168224 
1
2
6 13 6 6 0 -1
6 16 6 3 0 2
haar_y2
0.000000 0 -1
0.161442 -0.878769 
1
2
14 6 3 16 0 -1
14 14 3 8 0 2
haar_y2
-0.022308 0 -1
-0.690535 0.236070 
1
2
1 12 13 6 0 -1
1 14 13 2 0 3
haar_y3
0.001892 0 -1
0.249892 -0.565833 
1
2
13 1 4 9 0 -1
13 1 2 9 0 2
haar_x2
0.001073 0 -1
-0.504158 0.383745 
1
2
7 0 9 6 0 -1
10 0 3 6 0 3
haar_x3
0.039231 0 -1
0.042619 -1.387589 
1
2
12 2 6 9 0 -1
12 2 3 9 0 2
haar_x2
0.062238 0 -1
0.141194 -1.068886 
1
2
6 2 6 9 0 -1
9 2 3 9 0 2
haar_x2
0.002140 0 -1
-0.896224 0.197964 
1
2
6 18 12 6 0 -1
6 20 12 2 0 3
haar_y3
0.000918 0 -1
-0.453373 0.435327 
1
2
7 6 6 9 0 -1
9 6 2 9 0 3
haar_x3
-0.006917 0 -1
0.338228 -0.447930 
1
2
7 7 12 3 0 -1
7 7 6 3 0 2
haar_x2
-0.023867 0 -1
-0.789086 0.225118 
1
2
8 3 8 21 0 -1
8 10 8 7 0 3
haar_y3
-0.102628 0 -1
-2.283144 -0.005396 
1
2
7 4 10 12 0 -1
7 8 10 4 0 3
haar_y3
-0.009524 0 -1
0.393467 -0.522422 
1
2
0 1 6 9 0 -1
0 4 6 3 0 3
haar_y3
0.039877 0 -1
0.032799 -1.507949 
1
2
15 2 2 20 0 -1
15 2 1 20 0 2
haar_x2
-0.013145 0 -1
-1.083999 0.184824 
1
2
0 3 6 9 0 -1
0 6 6 3 0 3
haar_y3
-0.050591 0 -1
-1.882229 -0.002220 
1
2
15 3 2 21 0 -1
15 3 1 21 0 2
haar_x2
0.024917 0 -1
0.145934 -2.219652 
1
2
7 0 2 23 0 -1
8 0 1 23 0 2
haar_x2
-0.007637 0 -1
-1.016457 0.058797 
1
2
15 8 9 4 0 -1
15 10 9 2 0 2
haar_y2
0.042912 0 -1
0.154430 -1.184389 
1
2
0 8 9 4 0 -1
0 10 9 2 0 2
haar_y2
0.000230 0 -1
-0.773058 0.121899 
1
2
8 14 9 6 0 -1
8 16 9 2 0 3
haar_y3
0.009093 0 -1
-0.114501 0.710913 
1
2
0 14 9 6 0 -1
0 16 9 2 0 3
haar_y3
0.011145 0 -1
0.070001 -1.053482 
1
2
3 10 18 4 0 -1
9 10 6 4 0 3
haar_x3
-0.052453 0 -1
-1.759436 0.195238 
1
2
0 0 24 19 0 -1
8 0 8 19 0 3
haar_x3
-0.230207 0 -1
0.958403 -0.250457 
1
2
9 1 8 12 0 -1
9 7 8 6 0 2
haar_y2
-0.016366 0 -1
0.467319 -0.211084 
1
2
10 6 4 10 0 -1
12 6 2 10 0 2
haar_x2
-0.017208 0 -1
0.708357 -0.280183 
1
3
7 9 10 12 0 -1
12 9 5 6 0 2
7 15 5 6 0 2
haar_x2_y2
-0.036648 0 -1
-1.101334 0.243411 
1
2
5 0 3 19 0 -1
6 0 1 19 0 3
haar_x3
-0.010305 0 -1
-1.093313 0.056259 
1
2
14 0 6 10 0 -1
16 0 2 10 0 3
haar_x3
-0.013713 0 -1
-0.264381 0.198210 
1
3
2 0 6 12 0 -1
2 0 3 6 0 2
5 6 3 6 0 2
haar_x2_y2
0.029308 0 -1
-0.221424 1.052595 
1
2
0 11 24 2 0 -1
0 12 24 1 0 2
haar_y2
0.024077 0 -1
0.184857 -1.720397 
1
2
4 9 13 4 0 -1
4 11 13 2 0 2
haar_y2
0.006128 0 -1
-0.927215 0.058753 
1
2
9 8 6 9 0 -1
9 11 6 3 0 3
haar_y3
-0.022378 0 -1
1.964656 0.027786 
1
2
0 12 16 4 0 -1
0 14 16 2 0 2
haar_y2
-0.007044 0 -1
0.214276 -0.484076 
1
2
18 12 6 9 0 -1
18 15 6 3 0 3
haar_y3
-0.040603 0 -1
-1.175435 0.160612 
1
2
0 12 6 9 0 -1
0 15 6 3 0 3
haar_y3
-0.024466 0 -1
-1.123990 0.041110 
1
2
8 7 10 4 0 -1
8 7 5 4 0 2
haar_x2
0.002531 0 -1
-0.171697 0.321788 
1
2
8 7 6 9 0 -1
10 7 2 9 0 3
haar_x3
-0.019589 0 -1
0.827202 -0.263767 
1
2
11 0 6 9 0 -1
13 0 2 9 0 3
haar_x3
-0.029636 0 -1
-1.152477 0.149993 
1
2
7 0 6 9 0 -1
9 0 2 9 0 3
haar_x3
-0.015030 0 -1
-1.049183 0.040161 
1
2
12 3 6 15 0 -1
14 3 2 15 0 3
haar_x3
-0.060715 0 -1
-1.090384 0.153308 
1
2
6 3 6 15 0 -1
8 3 2 15 0 3
haar_x3
-0.012790 0 -1
0.422486 -0.423992 
1
2
15 2 9 4 0 -1
15 4 9 2 0 2
haar_y2
-0.020248 0 -1
-0.918670 0.184857 
1
2
5 10 6 7 0 -1
8 10 3 7 0 2
haar_x2
-0.030684 0 -1
-1.595867 0.002576 
1
2
9 14 6 10 0 -1
9 19 6 5 0 2
haar_y2
-0.020718 0 -1
-0.663000 0.310372 
1
2
7 13 5 8 0 -1
7 17 5 4 0 2
haar_y2
-0.001729 0 -1
0.191834 -0.650850 
1
2
14 5 3 16 0 -1
14 13 3 8 0 2
haar_y2
-0.031394 0 -1
-0.636430 0.154084 
1
2
2 17 18 3 0 -1
2 18 18 1 0 3
haar_y3
0.019003 0 -1
-0.189194 1.529451 
1
2
5 18 19 3 0 -1
5 19 19 1 0 3
haar_y3
0.006177 0 -1
-0.105979 0.648596 
1
2
9 0 6 9 0 -1
11 0 2 9 0 3
haar_x3
-0.010166 0 -1
-1.080270 0.037176 
1
2
12 4 3 18 0 -1
13 4 1 18 0 3
haar_x3
-0.001417 0 -1
0.341575 -0.097738 
1
2
9 4 3 18 0 -1
10 4 1 18 0 3
haar_x3
-0.004080 0 -1
0.476246 -0.343663 
1
2
3 3 18 9 0 -1
9 3 6 9 0 3
haar_x3
-0.044097 0 -1
0.976343 -0.019173 
1
2
6 1 6 14 0 -1
8 1 2 14 0 3
haar_x3
-0.060670 0 -1
-2.175285 -0.028926 
1
2
12 16 9 6 0 -1
12 19 9 3 0 2
haar_y2
-0.032932 0 -1
-0.643831 0.164941 
1
3
1 3 20 16 0 -1
1 3 10 8 0 2
11 11 10 8 0 2
haar_x2_y2
-0.147228 0 -1
-1.474583 0.002584 
1
3
12 5 6 12 0 -1
15 5 3 6 0 2
12 11 3 6 0 2
haar_x2_y2
-0.011930 0 -1
0.424414 -0.177126 
1
3
1 2 22 16 0 -1
1 2 11 8 0 2
12 10 11 8 0 2
haar_x2_y2
0.145179 0 -1
0.025445 -1.277940 
1
2
10 14 5 10 0 -1
10 19 5 5 0 2
haar_y2
0.051448 0 -1
0.156784 -1.518843 
1
2
3 21 18 3 0 -1
3 22 18 1 0 3
haar_y3
0.003148 0 -1
-0.404244 0.324297 
1
2
10 14 6 10 0 -1
12 14 2 10 0 3
haar_x3
-0.043600 0 -1
-1.993226 0.150186 
-3.883209
