137
1
2
3 0 6 6 0 -1
6 0 3 6 0 2
haar_x2
0.008564 0 -1
-0.814507 0.588753 
1
2
6 4 14 9 0 -1
6 7 14 3 0 3
haar_y3
-0.132926 0 -1
0.932134 -0.293673 
1
2
9 1 6 9 0 -1
11 1 2 9 0 3
haar_x3
0.009840 0 -1
-0.564629 0.416477 
1
2
15 8 9 9 0 -1
15 11 9 3 0 3
haar_y3
0.005089 0 -1
-0.792328 0.169750 
1
2
8 0 4 21 0 -1
8 7 4 7 0 3
haar_y3
-0.061039 0 -1
-1.416900 0.025021 
1
2
3 22 19 2 0 -1
3 23 19 1 0 2
haar_y2
-0.000466 0 -1
0.379825 -0.415671 
1
2
2 15 20 3 0 -1
2 16 20 1 0 3
haar_y3
0.003389 0 -1
-0.407686 0.355485 
1
2
19 0 4 13 0 -1
19 0 2 13 0 2
haar_x2
0.021007 0 -1
-0.240801 0.861127 
1
2
1 7 8 8 0 -1
1 11 8 4 0 2
haar_y2
0.007556 0 -1
-0.874672 0.098572 
1
2
14 14 6 9 0 -1
14 17 6 3 0 3
haar_y3
0.024780 0 -1
0.155662 -0.692298 
1
2
4 14 6 9 0 -1
4 17 6 3 0 3
haar_y3
-0.035620 0 -1
-1.147227 0.036360 
1
2
14 5 4 10 0 -1
14 5 2 10 0 2
haar_x2
0.019810 0 -1
0.155162 -0.695201 
1
2
6 5 4 10 0 -1
8 5 2 10 0 2
haar_x2
0.015020 0 -1
0.041990 -0.966228 
1
2
14 5 6 6 0 -1
14 8 6 3 0 2
haar_y2
-0.023138 0 -1
0.433969 0.002416 
1
2
4 5 6 6 0 -1
4 8 6 3 0 2
haar_y2
-0.018743 0 -1
0.434811 -0.325225 
1
2
0 2 24 21 0 -1
8 2 8 21 0 3
haar_x3
0.450800 0 -1
-0.094574 0.724213 
1
2
1 2 6 13 0 -1
3 2 2 13 0 3
haar_x3
0.011855 0 -1
-0.381331 0.300984 
1
2
20 0 4 21 0 -1
20 0 2 21 0 2
haar_x2
-0.024830 0 -1
0.893006 -0.102959 
1
2
0 4 4 20 0 -1
2 4 2 20 0 2
haar_x2
-0.044743 0 -1
0.862803 -0.217165 
1
2
8 16 9 6 0 -1
8 18 9 2 0 3
haar_y3
-0.014600 0 -1
0.600694 -0.159063 
1
2
7 0 6 9 0 -1
9 0 2 9 0 3
haar_x3
-0.024527 0 -1
-1.587287 -0.021817 
1
2
16 12 7 9 0 -1
16 15 7 3 0 3
haar_y3
0.023024 0 -1
0.168534 -0.381069 
1
2
5 21 14 3 0 -1
12 21 7 3 0 2
haar_x2
-0.024917 0 -1
0.508109 -0.272799 
1
2
11 5 6 9 0 -1
11 5 3 9 0 2
haar_x2
0.001013 0 -1
-0.431388 0.264381 
1
2
10 5 4 10 0 -1
12 5 2 10 0 2
haar_x2
0.015603 0 -1
-0.316242 0.557159 
1
2
10 6 6 9 0 -1
12 6 2 9 0 3
haar_x3
-0.026686 0 -1
1.055392 0.029074 
1
2
7 5 6 9 0 -1
10 5 3 9 0 2
haar_x2
0.001394 0 -1
-0.718738 0.065391 
1
2
14 14 10 4 0 -1
14 16 10 2 0 2
haar_y2
-0.000648 0 -1
0.248844 -0.209782 
1
3
5 5 14 14 0 -1
5 5 7 7 0 2
12 12 7 7 0 2
haar_x2_y2
-0.031888 0 -1
-0.688445 0.063590 
1
3
12 8 12 6 0 -1
18 8 6 3 0 2
12 11 6 3 0 2
haar_x2_y2
-0.004929 0 -1
-0.591525 0.279436 
1
3
6 6 12 12 0 -1
6 6 6 6 0 2
12 12 6 6 0 2
haar_x2_y2
0.031168 0 -1
0.045224 -0.886392 
1
2
11 13 6 10 0 -1
13 13 2 10 0 3
haar_x3
-0.033663 0 -1
-0.615902 0.157493 
1
3
1 10 20 8 0 -1
1 10 10 4 0 2
11 14 10 4 0 2
haar_x2_y2
0.011967 0 -1
-0.306067 0.422933 
1
2
15 13 9 6 0 -1
15 15 9 2 0 3
haar_y3
-0.034680 0 -1
-1.373494 0.159087 
1
2
9 0 6 9 0 -1
9 3 6 3 0 3
haar_y3
0.009929 0 -1
-0.558602 0.121192 
1
2
10 1 5 14 0 -1
10 8 5 7 0 2
haar_y2
0.059575 0 -1
0.004972 0.820554 
1
2
3 4 16 6 0 -1
3 6 16 2 0 3
haar_y3
-0.065428 0 -1
1.565143 -0.168175 
1
2
16 3 8 9 0 -1
16 6 8 3 0 3
haar_y3
-0.092896 0 -1
-1.579453 0.146618 
1
2
7 13 6 10 0 -1
9 13 2 10 0 3
haar_x3
-0.041184 0 -1
-1.551872 -0.029970 
1
2
15 13 9 6 0 -1
15 15 9 2 0 3
haar_y3
0.021448 0 -1
0.171963 -0.693432 
1
2
0 13 9 6 0 -1
0 15 9 2 0 3
haar_y3
-0.025570 0 -1
-1.306131 -0.024337 
1
2
13 16 9 6 0 -1
13 18 9 2 0 3
haar_y3
-0.041201 0 -1
-1.382106 0.148018 
1
2
2 16 9 6 0 -1
2 18 9 2 0 3
haar_y3
-0.017669 0 -1
-0.708900 0.036524 
1
2
5 16 18 3 0 -1
5 17 18 1 0 3
haar_y3
0.009006 0 -1
-0.040914 0.803731 
1
2
1 16 18 3 0 -1
1 17 18 1 0 3
haar_y3
-0.011653 0 -1
0.575468 -0.249917 
1
2
5 0 18 3 0 -1
5 1 18 1 0 3
haar_y3
-0.007478 0 -1
-0.492809 0.198109 
1
2
1 1 19 2 0 -1
1 2 19 1 0 2
haar_y2
0.000855 0 -1
-0.488581 0.135631 
1
2
14 2 6 11 0 -1
16 2 2 11 0 3
haar_x3
-0.030538 0 -1
-0.602784 0.185220 
1
2
4 15 15 6 0 -1
9 15 5 6 0 3
haar_x3
-0.018847 0 -1
0.235656 -0.351363 
1
2
14 2 6 11 0 -1
16 2 2 11 0 3
haar_x3
-0.008113 0 -1
-0.081305 0.210696 
1
2
4 2 6 11 0 -1
6 2 2 11 0 3
haar_x3
-0.034830 0 -1
-1.206567 -0.014252 
1
2
18 2 6 9 0 -1
18 5 6 3 0 3
haar_y3
0.019021 0 -1
0.233499 -0.456649 
1
3
1 2 22 4 0 -1
1 2 11 2 0 2
12 4 11 2 0 2
haar_x2_y2
-0.019004 0 -1
-0.810758 0.013140 
1
2
2 0 21 12 0 -1
9 0 7 12 0 3
haar_x3
-0.089058 0 -1
0.615424 0.032983 
1
2
0 12 18 3 0 -1
0 13 18 1 0 3
haar_y3
0.006862 0 -1
-0.295831 0.270037 
1
2
12 2 6 9 0 -1
14 2 2 9 0 3
haar_x3
-0.028241 0 -1
-0.611027 0.173575 
1
2
3 10 18 3 0 -1
3 11 18 1 0 3
haar_y3
-0.000321 0 -1
-0.533229 0.068539 
1
2
16 3 8 9 0 -1
16 6 8 3 0 3
haar_y3
-0.108291 0 -1
-1.287956 0.118017 
1
2
3 7 18 3 0 -1
3 8 18 1 0 3
haar_y3
0.015879 0 -1
-0.170726 1.110391 
1
2
9 11 6 9 0 -1
11 11 2 9 0 3
haar_x3
0.008686 0 -1
-0.109951 0.460105 
1
2
9 8 6 9 0 -1
11 8 2 9 0 3
haar_x3
-0.025235 0 -1
1.022067 -0.186943 
1
2
15 0 2 18 0 -1
15 0 1 18 0 2
haar_x2
-0.013509 0 -1
-0.783166 0.142026 
1
2
7 0 2 18 0 -1
8 0 1 18 0 2
haar_x2
-0.007715 0 -1
-0.880607 0.011060 
1
2
17 3 7 9 0 -1
17 6 7 3 0 3
haar_y3
0.071580 0 -1
0.113694 -1.103279 
1
2
3 18 9 6 0 -1
3 20 9 2 0 3
haar_y3
-0.013554 0 -1
-0.810965 0.003408 
1
2
3 18 21 3 0 -1
3 19 21 1 0 3
haar_y3
0.002945 0 -1
-0.072880 0.349981 
1
2
0 3 7 9 0 -1
0 6 7 3 0 3
haar_y3
-0.050833 0 -1
-1.286859 -0.028842 
1
2
2 7 22 3 0 -1
2 8 22 1 0 3
haar_y3
-0.008799 0 -1
0.476136 -0.146904 
1
3
0 3 24 16 0 -1
0 3 12 8 0 2
12 11 12 8 0 2
haar_x2_y2
0.214244 0 -1
-0.059702 -2.480226 
1
2
13 17 9 4 0 -1
13 19 9 2 0 2
haar_y2
0.013963 0 -1
0.174203 -0.439110 
1
3
5 5 12 8 0 -1
5 5 6 4 0 2
11 9 6 4 0 2
haar_x2_y2
0.042502 0 -1
-0.199653 0.706548 
1
3
5 6 14 6 0 -1
12 6 7 3 0 2
5 9 7 3 0 2
haar_x2_y2
0.019828 0 -1
-0.069136 0.616434 
1
3
5 16 14 6 0 -1
5 16 7 3 0 2
12 19 7 3 0 2
haar_x2_y2
-0.033560 0 -1
-1.274078 -0.025673 
1
2
18 2 6 9 0 -1
18 5 6 3 0 3
haar_y3
0.063543 0 -1
0.124035 -1.077629 
1
2
0 2 6 9 0 -1
0 5 6 3 0 3
haar_y3
0.021933 0 -1
0.014952 -0.710235 
1
3
3 4 20 10 0 -1
13 4 10 5 0 2
3 9 10 5 0 2
haar_x2_y2
-0.078425 0 -1
0.620340 0.033611 
1
2
2 13 9 8 0 -1
5 13 3 8 0 3
haar_x3
0.014390 0 -1
-0.363246 0.173083 
1
2
2 1 21 15 0 -1
9 1 7 15 0 3
haar_x3
-0.067310 0 -1
0.523741 0.012800 
1
2
5 12 14 8 0 -1
12 12 7 8 0 2
haar_x2
0.130475 0 -1
-0.171225 1.123520 
1
2
6 7 12 4 0 -1
6 7 6 4 0 2
haar_x2
-0.046246 0 -1
-1.190833 0.174256 
1
2
6 5 9 6 0 -1
9 5 3 6 0 3
haar_x3
-0.029842 0 -1
0.839306 -0.180642 
1
2
13 11 6 6 0 -1
13 11 3 6 0 2
haar_x2
-0.000381 0 -1
0.355328 -0.238423 
1
2
5 11 6 6 0 -1
8 11 3 6 0 2
haar_x2
-0.022379 0 -1
-0.879439 -0.000784 
1
2
6 4 18 2 0 -1
6 5 18 1 0 2
haar_y2
-0.001557 0 -1
-0.142533 0.258762 
1
2
0 2 6 11 0 -1
2 2 2 11 0 3
haar_x3
0.012013 0 -1
-0.290155 0.260511 
1
2
18 0 6 15 0 -1
20 0 2 15 0 3
haar_x3
0.024385 0 -1
-0.031439 0.586959 
1
2
0 0 6 13 0 -1
2 0 2 13 0 3
haar_x3
-0.047181 0 -1
0.694301 -0.218161 
1
2
12 0 6 9 0 -1
14 0 2 9 0 3
haar_x3
-0.024894 0 -1
-0.645993 0.156116 
1
2
6 0 6 9 0 -1
8 0 2 9 0 3
haar_x3
0.021945 0 -1
-0.027742 -1.134688 
1
2
0 2 24 4 0 -1
8 2 8 4 0 3
haar_x3
0.188099 0 -1
-0.010076 1.242903 
1
2
3 13 18 4 0 -1
12 13 9 4 0 2
haar_x2
-0.077872 0 -1
0.850080 -0.190155 
1
2
9 7 10 4 0 -1
9 7 5 4 0 2
haar_x2
-0.048769 0 -1
-2.076308 0.121794 
1
2
5 8 12 3 0 -1
11 8 6 3 0 2
haar_x2
-0.017115 0 -1
-0.856873 0.007876 
1
2
4 14 19 3 0 -1
4 15 19 1 0 3
haar_y3
-0.002750 0 -1
0.386455 -0.113915 
1
2
10 0 4 20 0 -1
10 10 4 10 0 2
haar_y2
-0.098794 0 -1
-1.723390 -0.056063 
1
2
8 15 9 6 0 -1
8 17 9 2 0 3
haar_y3
-0.021937 0 -1
0.547494 -0.042482 
1
2
2 9 15 4 0 -1
7 9 5 4 0 3
haar_x3
0.061097 0 -1
-0.038945 -1.080788 
1
2
8 4 12 7 0 -1
12 4 4 7 0 3
haar_x3
-0.024564 0 -1
0.583111 -0.000976 
1
2
0 10 6 9 0 -1
0 13 6 3 0 3
haar_y3
0.033752 0 -1
-0.013796 -0.847303 
1
2
18 5 6 9 0 -1
18 8 6 3 0 3
haar_y3
0.038199 0 -1
0.151143 -0.794734 
1
3
0 18 16 6 0 -1
0 18 8 3 0 2
8 21 8 3 0 2
haar_x2_y2
-0.020118 0 -1
0.515791 -0.214454 
1
3
9 18 14 6 0 -1
16 18 7 3 0 2
9 21 7 3 0 2
haar_x2_y2
0.024735 0 -1
-0.022105 0.429177 
1
3
1 20 20 4 0 -1
1 20 10 2 0 2
11 22 10 2 0 2
haar_x2_y2
-0.024357 0 -1
-0.862013 -0.003676 
1
3
2 8 20 6 0 -1
12 8 10 3 0 2
2 11 10 3 0 2
haar_x2_y2
-0.026442 0 -1
-0.453975 0.224628 
1
2
7 8 6 9 0 -1
9 8 2 9 0 3
haar_x3
-0.003443 0 -1
0.130730 -0.386227 
1
2
8 5 12 8 0 -1
12 5 4 8 0 3
haar_x3
0.107017 0 -1
0.131586 -0.793069 
1
2
4 5 12 8 0 -1
8 5 4 8 0 3
haar_x3
0.045153 0 -1
-0.252968 0.406724 
1
2
10 6 6 9 0 -1
12 6 2 9 0 3
haar_x3
0.044350 0 -1
0.022613 0.796181 
1
2
2 0 6 16 0 -1
4 0 2 16 0 3
haar_x3
0.001084 0 -1
-0.391584 0.116391 
1
2
15 4 6 12 0 -1
15 8 6 4 0 3
haar_y3
0.071433 0 -1
0.082467 1.253059 
1
2
3 4 6 12 0 -1
3 8 6 4 0 3
haar_y3
0.035838 0 -1
-0.182033 0.770787 
1
2
15 12 9 6 0 -1
15 14 9 2 0 3
haar_y3
-0.020839 0 -1
-0.617444 0.158914 
1
2
4 0 15 22 0 -1
4 11 15 11 0 2
haar_y2
0.425258 0 -1
-0.048978 -1.842203 
1
2
15 12 9 6 0 -1
15 14 9 2 0 3
haar_y3
0.011408 0 -1
0.179182 -0.153835 
1
2
0 12 9 6 0 -1
0 14 9 2 0 3
haar_y3
-0.015365 0 -1
-0.840165 -0.001028 
1
2
15 15 9 6 0 -1
15 17 9 2 0 3
haar_y3
-0.015212 0 -1
-0.189957 0.171310 
1
2
0 15 9 6 0 -1
0 17 9 2 0 3
haar_y3
-0.018972 0 -1
-0.795420 0.006680 
1
3
10 0 8 10 0 -1
14 0 4 5 0 2
10 5 4 5 0 2
haar_x2_y2
-0.003333 0 -1
-0.235308 0.247301 
1
2
1 0 4 16 0 -1
3 0 2 16 0 2
haar_x2
0.093248 0 -1
-0.054758 -1.832430 
1
2
7 6 10 6 0 -1
7 8 10 2 0 3
haar_y3
-0.012555 0 -1
0.263852 -0.385264 
1
2
10 12 4 10 0 -1
10 17 4 5 0 2
haar_y2
-0.027070 0 -1
-0.669298 0.020341 
1
2
8 4 10 6 0 -1
8 6 10 2 0 3
haar_y3
-0.023677 0 -1
0.672653 -0.014344 
1
2
3 22 18 2 0 -1
12 22 9 2 0 2
haar_x2
-0.014275 0 -1
0.301864 -0.285144 
1
2
7 7 11 6 0 -1
7 9 11 2 0 3
haar_y3
0.028097 0 -1
0.147660 -1.407852 
1
3
0 0 12 10 0 -1
0 0 6 5 0 2
6 5 6 5 0 2
haar_x2_y2
0.050840 0 -1
-0.186136 0.799530 
1
3
10 1 12 6 0 -1
16 1 6 3 0 2
10 4 6 3 0 2
haar_x2_y2
0.011506 0 -1
0.191184 -0.085035 
1
2
7 16 9 4 0 -1
7 18 9 2 0 2
haar_y2
-0.014661 0 -1
0.452393 -0.222052 
1
2
5 7 15 16 0 -1
10 7 5 16 0 3
haar_x3
0.228425 0 -1
0.134884 -1.289461 
1
2
5 10 12 13 0 -1
11 10 6 13 0 2
haar_x2
0.111069 0 -1
-0.207538 0.545616 
1
3
6 2 12 6 0 -1
12 2 6 3 0 2
6 5 6 3 0 2
haar_x2_y2
0.003245 0 -1
0.320537 -0.164035 
1
2
3 9 12 9 0 -1
3 12 12 3 0 3
haar_y3
0.085310 0 -1
-0.202105 0.532968 
1
2
16 2 8 6 0 -1
16 5 8 3 0 2
haar_y2
0.022048 0 -1
0.156986 -0.170141 
1
2
0 2 8 6 0 -1
0 5 8 3 0 2
haar_y2
-0.015677 0 -1
-0.628635 0.040762 
1
2
0 3 24 11 0 -1
0 3 12 11 0 2
haar_x2
0.331129 0 -1
0.166093 -1.032638 
1
3
0 13 8 10 0 -1
0 13 4 5 0 2
4 18 4 5 0 2
haar_x2_y2
0.008847 0 -1
-0.250762 0.316606 
1
2
10 14 4 10 0 -1
10 19 4 5 0 2
haar_y2
0.046080 0 -1
0.153521 -1.633350 
1
2
10 2 4 21 0 -1
10 9 4 7 0 3
haar_y3
-0.037703 0 -1
0.568738 -0.201026 
-3.512527
