115
1
2
7 0 10 9 0 -1
7 3 10 3 0 3
haar_y3
0.031358 0 -1
-1.018391 0.575286 
1
2
0 0 24 3 0 -1
8 0 8 3 0 3
haar_x3
0.093050 0 -1
-0.412975 1.009120 
1
2
3 8 15 4 0 -1
3 10 15 2 0 2
haar_y2
0.025950 0 -1
-0.585879 0.566062 
1
2
6 5 12 6 0 -1
10 5 4 6 0 3
haar_x3
0.016472 0 -1
-0.928575 0.309245 
1
2
5 13 14 6 0 -1
5 16 14 3 0 2
haar_y2
-0.001878 0 -1
0.119510 -1.118013 
1
2
11 14 4 10 0 -1
11 19 4 5 0 2
haar_y2
-0.009013 0 -1
-0.578495 0.331544 
1
2
0 6 6 7 0 -1
3 6 3 7 0 2
haar_x2
0.022548 0 -1
-0.383251 0.524622 
1
2
18 0 6 6 0 -1
18 0 3 6 0 2
haar_x2
-0.037780 0 -1
1.179067 -0.034167 
1
2
3 1 18 3 0 -1
3 2 18 1 0 3
haar_y3
-0.005380 0 -1
-0.862659 0.118679 
1
2
9 6 14 18 0 -1
9 12 14 6 0 3
haar_y3
-0.023893 0 -1
-0.749506 0.210114 
1
2
0 0 6 6 0 -1
3 0 3 6 0 2
haar_x2
-0.026522 0 -1
0.921286 -0.282528 
1
2
13 11 6 6 0 -1
13 11 3 6 0 2
haar_x2
0.012280 0 -1
0.266628 -0.700136 
1
2
0 20 24 3 0 -1
8 20 8 3 0 3
haar_x3
0.096595 0 -1
-0.284540 0.731690 
1
2
13 11 6 7 0 -1
13 11 3 7 0 2
haar_x2
-0.027415 0 -1
-0.614927 0.155762 
1
2
4 12 10 6 0 -1
4 14 10 2 0 3
haar_y3
-0.015767 0 -1
0.575512 -0.343622 
1
2
13 11 6 6 0 -1
13 11 3 6 0 2
haar_x2
-0.002110 0 -1
0.325997 -0.130083 
1
2
5 11 6 7 0 -1
8 11 3 7 0 2
haar_x2
0.012007 0 -1
0.089323 -0.960256 
1
2
7 4 11 12 0 -1
7 8 11 4 0 3
haar_y3
-0.015422 0 -1
0.344495 -0.467120 
1
2
6 15 10 4 0 -1
6 17 10 2 0 2
haar_y2
-0.004158 0 -1
0.236963 -0.525633 
1
2
14 0 6 9 0 -1
16 0 2 9 0 3
haar_x3
-0.021186 0 -1
-0.742677 0.217020 
1
2
4 0 6 9 0 -1
6 0 2 9 0 3
haar_x3
-0.017077 0 -1
-0.904718 0.066012 
1
2
11 2 4 15 0 -1
11 7 4 5 0 3
haar_y3
-0.040850 0 -1
-0.344466 0.215037 
1
2
0 0 20 3 0 -1
0 1 20 1 0 3
haar_y3
-0.008193 0 -1
-0.933886 0.050471 
1
2
13 18 10 6 0 -1
13 20 10 2 0 3
haar_y3
-0.019238 0 -1
-0.532037 0.172406 
1
2
2 7 6 11 0 -1
5 7 3 11 0 2
haar_x2
-0.044192 0 -1
0.920750 -0.221485 
1
2
10 14 10 9 0 -1
10 17 10 3 0 3
haar_y3
-0.062392 0 -1
-0.710538 0.183239 
1
2
8 2 4 9 0 -1
10 2 2 9 0 2
haar_x2
-0.001008 0 -1
-0.870631 0.055330 
1
2
14 3 10 4 0 -1
14 3 5 4 0 2
haar_x2
0.023870 0 -1
-0.228542 0.524156 
1
3
6 6 12 6 0 -1
6 6 6 3 0 2
12 9 6 3 0 2
haar_x2_y2
0.021391 0 -1
-0.303259 0.558606 
1
3
8 8 8 10 0 -1
12 8 4 5 0 2
8 13 4 5 0 2
haar_x2_y2
0.020255 0 -1
0.269015 -0.702618 
1
2
7 4 4 16 0 -1
7 12 4 8 0 2
haar_y2
-0.028772 0 -1
-1.183503 0.046512 
1
2
8 8 9 4 0 -1
8 10 9 2 0 2
haar_y2
0.003420 0 -1
-0.546521 0.259625 
1
2
5 2 14 9 0 -1
5 5 14 3 0 3
haar_y3
0.056983 0 -1
-0.269829 0.581707 
1
2
3 16 19 8 0 -1
3 20 19 4 0 2
haar_y2
-0.093892 0 -1
-0.910464 0.196777 
1
2
0 0 10 8 0 -1
5 0 5 8 0 2
haar_x2
0.017700 0 -1
-0.440033 0.213495 
1
2
5 2 16 18 0 -1
5 2 8 18 0 2
haar_x2
0.228442 0 -1
0.023605 0.771716 
1
2
0 11 24 11 0 -1
8 11 8 11 0 3
haar_x3
-0.182875 0 -1
0.792286 -0.246448 
1
2
3 3 18 5 0 -1
3 3 9 5 0 2
haar_x2
-0.069892 0 -1
0.802678 -0.036072 
1
2
1 16 18 3 0 -1
1 17 18 1 0 3
haar_y3
0.015297 0 -1
-0.200723 1.103060 
1
2
5 17 18 3 0 -1
5 18 18 1 0 3
haar_y3
0.006750 0 -1
-0.045968 0.720945 
1
2
1 13 9 6 0 -1
1 15 9 2 0 3
haar_y3
-0.015983 0 -1
-0.903572 0.044988 
1
2
1 9 23 10 0 -1
1 14 23 5 0 2
haar_y2
0.013088 0 -1
0.352971 -0.377106 
1
2
3 7 18 3 0 -1
3 8 18 1 0 3
haar_y3
0.013061 0 -1
-0.195836 1.119894 
1
2
6 8 12 3 0 -1
6 8 6 3 0 2
haar_x2
-0.039907 0 -1
-1.399843 0.191451 
1
2
6 2 3 22 0 -1
7 2 1 22 0 3
haar_x3
0.015027 0 -1
0.002360 -1.161125 
1
2
14 17 10 6 0 -1
14 19 10 2 0 3
haar_y3
-0.020518 0 -1
-0.489081 0.167434 
1
2
1 18 10 6 0 -1
1 20 10 2 0 3
haar_y3
-0.022359 0 -1
-1.220298 -0.011976 
1
2
11 3 6 12 0 -1
13 3 2 12 0 3
haar_x3
-0.007915 0 -1
0.372281 -0.085063 
1
2
10 6 4 9 0 -1
12 6 2 9 0 2
haar_x2
0.015258 0 -1
-0.294126 0.594064 
1
2
11 0 6 9 0 -1
13 0 2 9 0 3
haar_x3
-0.031666 0 -1
-1.439557 0.135788 
1
2
7 0 6 9 0 -1
9 0 2 9 0 3
haar_x3
-0.030774 0 -1
-2.254537 -0.033971 
1
2
12 10 9 6 0 -1
15 10 3 6 0 3
haar_x3
-0.015483 0 -1
0.377007 0.015848 
1
2
2 11 6 9 0 -1
5 11 3 9 0 2
haar_x2
0.035167 0 -1
-0.294461 0.531591 
1
2
14 5 3 19 0 -1
15 5 1 19 0 3
haar_x3
-0.017906 0 -1
-0.997882 0.162360 
1
2
6 6 9 6 0 -1
6 8 9 2 0 3
haar_y3
-0.003180 0 -1
0.047657 -0.752499 
1
2
14 5 3 19 0 -1
15 5 1 19 0 3
haar_x3
0.015720 0 -1
0.148738 -0.653754 
1
2
0 3 6 9 0 -1
0 6 6 3 0 3
haar_y3
0.029864 0 -1
-0.014952 -1.227519 
1
2
5 21 18 3 0 -1
5 22 18 1 0 3
haar_y3
0.002990 0 -1
-0.142637 0.432728 
1
2
1 10 18 4 0 -1
7 10 6 4 0 3
haar_x3
0.084750 0 -1
-0.019281 -1.194641 
1
3
13 4 8 10 0 -1
17 4 4 5 0 2
13 9 4 5 0 2
haar_x2_y2
-0.058725 0 -1
-1.732822 0.143747 
1
2
7 8 9 6 0 -1
10 8 3 6 0 3
haar_x3
0.044756 0 -1
-0.241406 0.540200 
1
2
12 9 9 8 0 -1
15 9 3 8 0 3
haar_x3
0.040369 0 -1
0.005768 0.565781 
1
2
0 6 5 12 0 -1
0 10 5 4 0 3
haar_y3
0.037736 0 -1
0.038181 -0.793704 
1
3
7 6 14 6 0 -1
14 6 7 3 0 2
7 9 7 3 0 2
haar_x2_y2
0.060753 0 -1
0.076453 1.481321 
1
2
7 5 3 19 0 -1
8 5 1 19 0 3
haar_x3
-0.019832 0 -1
-1.697172 -0.027370 
1
2
8 4 15 20 0 -1
13 4 5 20 0 3
haar_x3
-0.165927 0 -1
0.629760 0.031763 
1
2
1 4 15 20 0 -1
6 4 5 20 0 3
haar_x3
0.069015 0 -1
-0.334632 0.300767 
1
2
13 10 6 6 0 -1
13 10 3 6 0 2
haar_x2
0.011358 0 -1
0.227415 -0.382247 
1
2
5 10 6 6 0 -1
8 10 3 6 0 2
haar_x2
0.001700 0 -1
0.192238 -0.527351 
1
3
14 2 6 14 0 -1
17 2 3 7 0 2
14 9 3 7 0 2
haar_x2_y2
0.079769 0 -1
0.091492 2.104905 
1
3
4 2 6 14 0 -1
4 2 3 7 0 2
7 9 3 7 0 2
haar_x2_y2
-0.057144 0 -1
-1.745213 -0.040910 
1
2
12 4 6 7 0 -1
12 4 3 7 0 2
haar_x2
0.007383 0 -1
-0.242148 0.355778 
1
2
9 4 6 9 0 -1
11 4 2 9 0 3
haar_x3
-0.018041 0 -1
1.178000 -0.176767 
1
2
11 4 8 10 0 -1
11 4 4 10 0 2
haar_x2
0.094503 0 -1
0.139361 -1.299370 
1
2
5 4 8 10 0 -1
9 4 4 10 0 2
haar_x2
0.005421 0 -1
-0.546086 0.139164 
1
2
8 18 10 6 0 -1
8 20 10 2 0 3
haar_y3
0.007029 0 -1
-0.215972 0.392581 
1
2
1 18 21 6 0 -1
1 20 21 2 0 3
haar_y3
0.034516 0 -1
0.063189 -0.721081 
1
2
9 2 12 6 0 -1
9 2 6 6 0 2
haar_x2
-0.051925 0 -1
0.686676 0.063273 
1
2
3 2 12 6 0 -1
9 2 6 6 0 2
haar_x2
-0.069162 0 -1
1.741181 -0.166193 
1
3
12 5 12 6 0 -1
18 5 6 3 0 2
12 8 6 3 0 2
haar_x2_y2
-0.005523 0 -1
0.306947 -0.166629 
1
2
8 8 6 9 0 -1
8 11 6 3 0 3
haar_y3
0.068600 0 -1
-0.214054 0.731850 
1
2
2 7 20 6 0 -1
2 9 20 2 0 3
haar_y3
-0.067039 0 -1
-0.793606 0.205258 
1
3
0 5 12 6 0 -1
0 5 6 3 0 2
6 8 6 3 0 2
haar_x2_y2
-0.021005 0 -1
0.373444 -0.296186 
1
3
14 14 8 10 0 -1
18 14 4 5 0 2
14 19 4 5 0 2
haar_x2_y2
0.020279 0 -1
-0.015200 0.405553 
1
3
2 14 8 10 0 -1
2 14 4 5 0 2
6 19 4 5 0 2
haar_x2_y2
-0.047108 0 -1
1.211685 -0.174643 
1
2
2 11 20 13 0 -1
2 11 10 13 0 2
haar_x2
0.187685 0 -1
-0.022909 0.696458 
1
2
6 9 12 5 0 -1
12 9 6 5 0 2
haar_x2
-0.043229 0 -1
-1.060248 -0.000556 
1
3
5 6 16 6 0 -1
13 6 8 3 0 2
5 9 8 3 0 2
haar_x2_y2
0.020004 0 -1
-0.032751 0.538051 
1
2
1 19 9 4 0 -1
1 21 9 2 0 2
haar_y2
0.008088 0 -1
0.037548 -0.747689 
1
2
7 5 12 5 0 -1
11 5 4 5 0 3
haar_x3
0.027101 0 -1
-0.081790 0.333871 
1
3
3 5 14 12 0 -1
3 5 7 6 0 2
10 11 7 6 0 2
haar_x2_y2
-0.091746 0 -1
-1.921351 -0.038953 
1
2
9 4 9 6 0 -1
12 4 3 6 0 3
haar_x3
-0.012455 0 -1
0.483606 0.018168 
1
2
2 6 19 3 0 -1
2 7 19 1 0 3
haar_y3
0.014649 0 -1
-0.199067 0.728154 
1
2
18 10 6 9 0 -1
18 13 6 3 0 3
haar_y3
0.029102 0 -1
0.198711 -0.492168 
1
2
3 7 18 2 0 -1
3 8 18 1 0 2
haar_y2
0.008780 0 -1
-0.194996 0.773174 
1
3
20 2 4 18 0 -1
22 2 2 9 0 2
20 11 2 9 0 2
haar_x2_y2
-0.054740 0 -1
1.808719 0.068323 
1
2
2 18 20 3 0 -1
2 19 20 1 0 3
haar_y3
-0.014798 0 -1
0.780649 -0.187096 
1
2
1 9 22 3 0 -1
1 10 22 1 0 3
haar_y3
0.025013 0 -1
0.152853 -1.602102 
1
3
0 2 4 18 0 -1
0 2 2 9 0 2
2 11 2 9 0 2
haar_x2_y2
0.046548 0 -1
-0.167382 1.190206 
1
2
19 0 4 23 0 -1
19 0 2 23 0 2
haar_x2
0.017624 0 -1
-0.102855 0.391759 
1
2
0 3 6 19 0 -1
3 3 3 19 0 2
haar_x2
0.163196 0 -1
-0.035624 -1.609817 
1
2
18 2 6 9 0 -1
20 2 2 9 0 3
haar_x3
0.013138 0 -1
-0.056359 0.541589 
1
2
0 5 10 6 0 -1
0 7 10 2 0 3
haar_y3
-0.015665 0 -1
0.280631 -0.317086 
1
3
7 0 12 12 0 -1
13 0 6 6 0 2
7 6 6 6 0 2
haar_x2_y2
0.080554 0 -1
0.126404 -1.029753 
1
3
0 3 24 6 0 -1
0 3 12 3 0 2
12 6 12 3 0 2
haar_x2_y2
0.035364 0 -1
0.020753 -0.791056 
1
2
10 14 4 10 0 -1
10 19 4 5 0 2
haar_y2
0.032987 0 -1
0.190571 -0.838399 
1
2
8 9 4 15 0 -1
8 14 4 5 0 3
haar_y3
0.012195 0 -1
0.073729 -0.627807 
1
2
4 11 17 6 0 -1
4 14 17 3 0 2
haar_y2
0.043066 0 -1
0.047385 1.571294 
1
3
2 5 18 8 0 -1
2 5 9 4 0 2
11 9 9 4 0 2
haar_x2_y2
0.030327 0 -1
-0.273146 0.385720 
1
3
7 6 14 6 0 -1
14 6 7 3 0 2
7 9 7 3 0 2
haar_x2_y2
0.035493 0 -1
0.054594 0.525834 
1
3
3 6 14 6 0 -1
3 6 7 3 0 2
10 9 7 3 0 2
haar_x2_y2
-0.014597 0 -1
0.381526 -0.283324 
1
2
16 5 3 18 0 -1
17 5 1 18 0 3
haar_x3
0.012607 0 -1
0.154551 -0.305015 
1
2
5 5 3 18 0 -1
6 5 1 18 0 3
haar_x3
0.010172 0 -1
0.023637 -0.872179 
1
2
10 10 14 4 0 -1
10 12 14 2 0 2
haar_y2
0.028843 0 -1
0.160910 -0.202776 
1
2
4 10 9 4 0 -1
4 12 9 2 0 2
haar_y2
0.000551 0 -1
-0.615454 0.080936 
-3.716091
