155
1
2
0 2 24 4 0 -1
8 2 8 4 0 3
haar_x3
0.139044 0 -1
-0.465812 0.764316 
1
2
7 8 10 4 0 -1
7 10 10 2 0 2
haar_y2
0.011917 0 -1
-0.943990 0.397263 
1
3
6 7 8 10 0 -1
6 7 4 5 0 2
10 12 4 5 0 2
haar_x2_y2
-0.010007 0 -1
0.327188 -0.633674 
1
3
14 0 6 14 0 -1
17 0 3 7 0 2
14 7 3 7 0 2
haar_x2_y2
-0.006048 0 -1
0.274279 -0.574470 
1
2
4 11 5 8 0 -1
4 15 5 4 0 2
haar_y2
-0.001249 0 -1
0.236293 -0.685935 
1
2
2 0 20 9 0 -1
2 3 20 3 0 3
haar_y3
0.032382 0 -1
-0.576302 0.274927 
1
3
6 7 12 8 0 -1
6 7 6 4 0 2
12 11 6 4 0 2
haar_x2_y2
-0.013958 0 -1
-0.610615 0.245416 
1
2
9 17 6 6 0 -1
9 20 6 3 0 2
haar_y2
0.001116 0 -1
-0.565391 0.271793 
1
2
7 10 10 4 0 -1
7 12 10 2 0 2
haar_y2
0.000027 0 -1
-0.802360 0.115091 
1
2
6 5 12 9 0 -1
10 5 4 9 0 3
haar_x3
-0.000257 0 -1
-0.812059 0.238447 
1
2
5 11 6 8 0 -1
8 11 3 8 0 2
haar_x2
0.004046 0 -1
0.139096 -0.661632 
1
2
18 4 4 17 0 -1
18 4 2 17 0 2
haar_x2
0.014356 0 -1
-0.164852 0.419017 
1
2
0 0 6 6 0 -1
3 0 3 6 0 2
haar_x2
-0.055375 0 -1
1.442587 -0.188202 
1
2
18 4 4 17 0 -1
18 4 2 17 0 2
haar_x2
0.093595 0 -1
0.135483 -0.916361 
1
2
2 4 4 17 0 -1
4 4 2 17 0 2
haar_x2
0.026625 0 -1
-0.337483 0.392336 
1
2
5 18 19 3 0 -1
5 19 19 1 0 3
haar_y3
0.003747 0 -1
-0.116154 0.443993 
1
2
11 0 2 18 0 -1
11 9 2 9 0 2
haar_y2
-0.031886 0 -1
-0.994983 0.001612 
1
2
15 4 2 18 0 -1
15 13 2 9 0 2
haar_y2
-0.022600 0 -1
-0.480674 0.170073 
1
2
7 4 2 18 0 -1
7 13 2 9 0 2
haar_y2
0.025202 0 -1
0.035580 -0.802154 
1
3
7 11 10 8 0 -1
12 11 5 4 0 2
7 15 5 4 0 2
haar_x2_y2
-0.031037 0 -1
-1.089534 0.180819 
1
2
10 6 4 9 0 -1
12 6 2 9 0 2
haar_x2
-0.026476 0 -1
0.956712 -0.210494 
1
2
10 0 6 9 0 -1
12 0 2 9 0 3
haar_x3
-0.013854 0 -1
-1.037032 0.221667 
1
3
2 9 16 8 0 -1
2 9 8 4 0 2
10 13 8 4 0 2
haar_x2_y2
-0.062925 0 -1
0.901994 -0.190853 
1
2
14 15 6 9 0 -1
14 18 6 3 0 3
haar_y3
-0.044751 0 -1
-1.011911 0.146912 
1
2
8 7 6 9 0 -1
10 7 2 9 0 3
haar_x3
-0.020428 0 -1
0.616245 -0.235527 
1
2
14 15 6 9 0 -1
14 18 6 3 0 3
haar_y3
-0.008033 0 -1
-0.083280 0.217287 
1
2
3 12 12 6 0 -1
3 14 12 2 0 3
haar_y3
0.008728 0 -1
0.065459 -0.603187 
1
2
14 12 9 6 0 -1
14 14 9 2 0 3
haar_y3
-0.027202 0 -1
-0.934474 0.152700 
1
2
1 12 9 6 0 -1
1 14 9 2 0 3
haar_y3
-0.016471 0 -1
-0.841771 0.013332 
1
2
3 7 18 3 0 -1
3 8 18 1 0 3
haar_y3
-0.013744 0 -1
0.605672 -0.092021 
1
2
1 7 22 6 0 -1
1 9 22 2 0 3
haar_y3
0.029165 0 -1
-0.028114 -1.401457 
1
2
18 4 6 6 0 -1
18 7 6 3 0 2
haar_y2
0.037457 0 -1
0.130806 -0.493825 
1
2
0 4 6 6 0 -1
0 7 6 3 0 2
haar_y2
-0.025070 0 -1
-1.128939 -0.014600 
1
2
5 11 16 6 0 -1
5 14 16 3 0 2
haar_y2
-0.063812 0 -1
0.758716 -0.001820 
1
2
6 16 9 4 0 -1
6 18 9 2 0 2
haar_y2
-0.009390 0 -1
0.299364 -0.294878 
1
2
14 15 6 9 0 -1
14 18 6 3 0 3
haar_y3
-0.000760 0 -1
0.019725 0.199939 
1
2
4 15 6 9 0 -1
4 18 6 3 0 3
haar_y3
-0.021741 0 -1
-0.852479 0.049170 
1
2
15 1 6 23 0 -1
17 1 2 23 0 3
haar_x3
-0.017870 0 -1
-0.059986 0.152225 
1
2
0 21 24 3 0 -1
8 21 8 3 0 3
haar_x3
-0.024831 0 -1
0.356034 -0.262599 
1
2
0 20 24 4 0 -1
8 20 8 4 0 3
haar_x3
0.157155 0 -1
0.000156 1.042873 
1
2
3 1 6 23 0 -1
5 1 2 23 0 3
haar_x3
0.069027 0 -1
-0.033007 -1.179667 
1
2
3 17 18 3 0 -1
3 18 18 1 0 3
haar_y3
-0.011022 0 -1
0.589877 -0.057648 
1
2
0 16 18 3 0 -1
0 17 18 1 0 3
haar_y3
-0.013835 0 -1
0.595028 -0.244186 
1
3
1 16 22 4 0 -1
12 16 11 2 0 2
1 18 11 2 0 2
haar_x2_y2
-0.030941 0 -1
-1.172380 0.169070 
1
2
0 16 9 6 0 -1
0 18 9 2 0 3
haar_y3
0.021258 0 -1
-0.018901 -1.068476 
1
2
2 10 21 3 0 -1
9 10 7 3 0 3
haar_x3
0.093080 0 -1
0.163056 -1.337527 
1
3
2 18 12 6 0 -1
2 18 6 3 0 2
8 21 6 3 0 2
haar_x2_y2
0.029636 0 -1
-0.225248 0.454001 
1
2
0 5 24 4 0 -1
0 7 24 2 0 2
haar_y2
-0.000122 0 -1
0.274091 -0.373714 
1
2
10 2 4 15 0 -1
10 7 4 5 0 3
haar_y3
-0.042098 0 -1
-0.758288 0.017137 
1
2
10 7 6 12 0 -1
10 13 6 6 0 2
haar_y2
-0.022505 0 -1
-0.227593 0.236987 
1
2
6 6 6 9 0 -1
8 6 2 9 0 3
haar_x3
-0.012863 0 -1
0.192524 -0.321271 
1
2
11 0 6 9 0 -1
13 0 2 9 0 3
haar_x3
0.027860 0 -1
0.167237 -1.020906 
1
2
9 7 6 9 0 -1
11 7 2 9 0 3
haar_x3
-0.027808 0 -1
1.282476 -0.172253 
1
2
2 1 20 3 0 -1
2 2 20 1 0 3
haar_y3
-0.006163 0 -1
-0.540729 0.238857 
1
3
1 18 12 6 0 -1
1 18 6 3 0 2
7 21 6 3 0 2
haar_x2_y2
-0.020436 0 -1
0.633554 -0.210906 
1
2
13 2 4 13 0 -1
13 2 2 13 0 2
haar_x2
-0.012308 0 -1
-0.497782 0.174026 
1
2
6 7 12 4 0 -1
12 7 6 4 0 2
haar_x2
-0.040494 0 -1
-1.184874 -0.033891 
1
2
10 1 4 13 0 -1
10 1 2 13 0 2
haar_x2
0.029657 0 -1
0.021741 1.006992 
1
2
6 0 3 18 0 -1
7 0 1 18 0 3
haar_x3
0.006838 0 -1
0.029218 -0.599063 
1
2
14 3 10 5 0 -1
14 3 5 5 0 2
haar_x2
0.016165 0 -1
-0.210008 0.376373 
1
2
6 15 12 8 0 -1
10 15 4 8 0 3
haar_x3
0.050193 0 -1
0.002532 -0.716682 
1
2
9 10 6 9 0 -1
11 10 2 9 0 3
haar_x3
0.001968 0 -1
-0.219214 0.322987 
1
2
8 3 4 9 0 -1
10 3 2 9 0 2
haar_x2
0.024980 0 -1
-0.009684 -0.775729 
1
3
17 0 6 14 0 -1
20 0 3 7 0 2
17 7 3 7 0 2
haar_x2_y2
-0.015810 0 -1
0.446375 -0.061760 
1
3
1 0 6 14 0 -1
1 0 3 7 0 2
4 7 3 7 0 2
haar_x2_y2
0.037207 0 -1
-0.204954 0.577222 
1
3
14 0 6 16 0 -1
17 0 3 8 0 2
14 8 3 8 0 2
haar_x2_y2
-0.079265 0 -1
-0.767454 0.125504 
1
2
7 4 4 10 0 -1
9 4 2 10 0 2
haar_x2
-0.017152 0 -1
-1.412183 -0.051704 
1
3
3 17 18 6 0 -1
12 17 9 3 0 2
3 20 9 3 0 2
haar_x2_y2
0.032740 0 -1
0.193340 -0.636337 
1
2
1 20 22 4 0 -1
12 20 11 4 0 2
haar_x2
-0.117570 0 -1
0.843254 -0.180186 
1
2
14 3 10 5 0 -1
14 3 5 5 0 2
haar_x2
0.120572 0 -1
0.125300 -2.121360 
1
2
0 3 10 5 0 -1
5 3 5 5 0 2
haar_x2
0.004278 0 -1
-0.466044 0.089644 
1
2
12 6 12 16 0 -1
16 6 4 16 0 3
haar_x3
-0.072545 0 -1
0.518265 0.016824 
1
2
0 6 12 16 0 -1
4 6 4 16 0 3
haar_x3
0.177106 0 -1
-0.030910 -1.104664 
1
2
10 9 5 15 0 -1
10 14 5 5 0 3
haar_y3
0.008423 0 -1
0.244458 -0.386131 
1
2
1 18 21 2 0 -1
1 19 21 1 0 2
haar_y2
-0.013035 0 -1
0.980044 -0.170165 
1
2
15 0 9 6 0 -1
15 2 9 2 0 3
haar_y3
0.018912 0 -1
0.202485 -0.385459 
1
2
6 1 12 4 0 -1
12 1 6 4 0 2
haar_x2
0.021448 0 -1
-0.257172 0.351812 
1
3
6 0 12 12 0 -1
12 0 6 6 0 2
6 6 6 6 0 2
haar_x2_y2
0.063357 0 -1
0.169948 -0.913838 
1
3
8 10 8 12 0 -1
8 10 4 6 0 2
12 16 4 6 0 2
haar_x2_y2
-0.032436 0 -1
-0.856816 -0.021681 
1
3
14 16 10 8 0 -1
19 16 5 4 0 2
14 20 5 4 0 2
haar_x2_y2
-0.023565 0 -1
0.561156 -0.000224 
1
3
0 16 10 8 0 -1
0 16 5 4 0 2
5 20 5 4 0 2
haar_x2_y2
0.018789 0 -1
-0.254598 0.345129 
1
2
10 12 12 5 0 -1
14 12 4 5 0 3
haar_x3
0.031042 0 -1
0.007572 0.348002 
1
3
6 16 10 8 0 -1
6 16 5 4 0 2
11 20 5 4 0 2
haar_x2_y2
-0.011227 0 -1
-0.602198 0.042815 
1
3
7 6 12 6 0 -1
13 6 6 3 0 2
7 9 6 3 0 2
haar_x2_y2
-0.012846 0 -1
0.420204 -0.053801 
1
3
9 6 4 18 0 -1
9 6 2 9 0 2
11 15 2 9 0 2
haar_x2_y2
-0.012792 0 -1
0.227245 -0.323980 
1
3
10 9 6 14 0 -1
13 9 3 7 0 2
10 16 3 7 0 2
haar_x2_y2
0.068652 0 -1
0.093532 10.000000 
1
3
8 9 6 14 0 -1
8 9 3 7 0 2
11 16 3 7 0 2
haar_x2_y2
0.005279 0 -1
-0.269263 0.333032 
1
2
7 4 11 12 0 -1
7 10 11 6 0 2
haar_y2
-0.038779 0 -1
-0.723653 0.178065 
1
3
4 8 6 16 0 -1
4 8 3 8 0 2
7 16 3 8 0 2
haar_x2_y2
0.006182 0 -1
-0.351194 0.165863 
1
2
17 3 4 21 0 -1
17 10 4 7 0 3
haar_y3
0.175152 0 -1
0.116231 -1.541929 
1
2
3 3 4 21 0 -1
3 10 4 7 0 3
haar_y3
0.116280 0 -1
-0.009148 -0.998426 
1
3
10 1 8 18 0 -1
14 1 4 9 0 2
10 10 4 9 0 2
haar_x2_y2
-0.022964 0 -1
0.205654 0.015432 
1
3
2 5 16 8 0 -1
2 5 8 4 0 2
10 9 8 4 0 2
haar_x2_y2
-0.051410 0 -1
0.580724 -0.201184 
1
2
3 6 18 12 0 -1
3 10 18 4 0 3
haar_y3
0.224742 0 -1
0.018729 1.082930 
1
2
4 10 16 12 0 -1
4 14 16 4 0 3
haar_y3
0.009486 0 -1
-0.331713 0.199030 
1
3
15 4 8 20 0 -1
19 4 4 10 0 2
15 14 4 10 0 2
haar_x2_y2
-0.118463 0 -1
1.371101 0.068927 
1
2
7 2 9 6 0 -1
10 2 3 6 0 3
haar_x3
0.037811 0 -1
-0.000936 -0.839970 
1
3
15 4 8 20 0 -1
19 4 4 10 0 2
15 14 4 10 0 2
haar_x2_y2
0.022202 0 -1
-0.011964 0.366740 
1
3
1 4 8 20 0 -1
1 4 4 10 0 2
5 14 4 10 0 2
haar_x2_y2
-0.036366 0 -1
0.378665 -0.277148 
1
3
11 8 8 14 0 -1
15 8 4 7 0 2
11 15 4 7 0 2
haar_x2_y2
-0.131847 0 -1
-2.748118 0.106669 
1
3
5 8 8 14 0 -1
5 8 4 7 0 2
9 15 4 7 0 2
haar_x2_y2
-0.041656 0 -1
0.475243 -0.232498 
1
2
10 13 5 8 0 -1
10 17 5 4 0 2
haar_y2
-0.033152 0 -1
-0.579294 0.174344 
1
2
4 13 7 9 0 -1
4 16 7 3 0 3
haar_y3
0.015770 0 -1
-0.011284 -0.837014 
1
2
0 13 24 10 0 -1
0 18 24 5 0 2
haar_y2
-0.039363 0 -1
0.348216 -0.174554 
1
2
4 2 8 11 0 -1
8 2 4 11 0 2
haar_x2
-0.067849 0 -1
1.422570 -0.147656 
1
3
10 2 8 16 0 -1
14 2 4 8 0 2
10 10 4 8 0 2
haar_x2_y2
-0.026775 0 -1
0.239470 0.013272 
1
3
0 2 24 6 0 -1
0 2 12 3 0 2
12 5 12 3 0 2
haar_x2_y2
0.039919 0 -1
-0.009000 -0.759389 
1
2
6 0 12 9 0 -1
6 3 12 3 0 3
haar_y3
0.100656 0 -1
-0.018685 0.762453 
1
3
1 2 12 12 0 -1
1 2 6 6 0 2
7 8 6 6 0 2
haar_x2_y2
-0.081022 0 -1
-0.904391 -0.008588 
1
2
18 5 6 9 0 -1
18 8 6 3 0 3
haar_y3
-0.021258 0 -1
-0.213196 0.219197 
1
3
4 3 8 10 0 -1
4 3 4 5 0 2
8 8 4 5 0 2
haar_x2_y2
-0.010631 0 -1
0.195981 -0.357681 
1
2
6 21 18 3 0 -1
6 22 18 1 0 3
haar_y3
0.000813 0 -1
-0.092795 0.261459 
1
2
1 10 18 2 0 -1
1 11 18 1 0 2
haar_y2
0.003465 0 -1
-0.553361 0.027386 
1
2
1 10 22 3 0 -1
1 11 22 1 0 3
haar_y3
0.018836 0 -1
0.184461 -0.669343 
1
2
2 8 12 9 0 -1
2 11 12 3 0 3
haar_y3
-0.025632 0 -1
1.938288 -0.147089 
1
3
12 8 12 6 0 -1
18 8 6 3 0 2
12 11 6 3 0 2
haar_x2_y2
-0.004094 0 -1
-0.264516 0.207332 
1
3
0 8 12 6 0 -1
0 8 6 3 0 2
6 11 6 3 0 2
haar_x2_y2
-0.000892 0 -1
-0.550316 0.050375 
1
2
10 15 6 9 0 -1
12 15 2 9 0 3
haar_x3
-0.049518 0 -1
-2.561539 0.131417 
1
2
7 13 9 6 0 -1
7 15 9 2 0 3
haar_y3
0.011681 0 -1
-0.248198 0.399827 
1
2
9 8 7 12 0 -1
9 14 7 6 0 2
haar_y2
0.034564 0 -1
0.161788 -0.714189 
1
2
4 13 9 6 0 -1
7 13 3 6 0 3
haar_x3
-0.008291 0 -1
0.221801 -0.291817 
1
2
6 15 18 4 0 -1
12 15 6 4 0 3
haar_x3
-0.022358 0 -1
0.310441 -0.002728 
1
2
5 4 4 16 0 -1
7 4 2 16 0 2
haar_x2
-0.030801 0 -1
-0.956727 -0.008340 
1
2
10 15 6 9 0 -1
12 15 2 9 0 3
haar_x3
0.043779 0 -1
0.125569 -1.175962 
1
2
8 15 6 9 0 -1
10 15 2 9 0 3
haar_x3
0.043046 0 -1
-0.058877 -1.856847 
1
3
9 11 12 10 0 -1
15 11 6 5 0 2
9 16 6 5 0 2
haar_x2_y2
0.027189 0 -1
0.042858 0.390367 
1
2
3 6 14 6 0 -1
3 8 14 2 0 3
haar_y3
0.009415 0 -1
-0.043567 -1.109447 
1
2
4 2 17 8 0 -1
4 6 17 4 0 2
haar_y2
0.094312 0 -1
0.040257 0.984423 
1
2
6 2 12 21 0 -1
6 9 12 7 0 3
haar_y3
0.170251 0 -1
0.029510 -0.695093 
1
2
8 1 9 9 0 -1
8 4 9 3 0 3
haar_y3
-0.047148 0 -1
1.033857 0.067602 
1
2
0 7 24 3 0 -1
12 7 12 3 0 2
haar_x2
0.111863 0 -1
-0.068683 -2.498583 
1
2
11 6 9 10 0 -1
11 11 9 5 0 2
haar_y2
-0.014354 0 -1
-0.594819 0.150017 
1
2
2 11 18 3 0 -1
2 12 18 1 0 3
haar_y3
0.034024 0 -1
-0.064823 -2.138264 
1
2
8 16 9 4 0 -1
8 18 9 2 0 2
haar_y2
0.021602 0 -1
0.055310 0.782929 
1
2
0 0 9 6 0 -1
0 2 9 2 0 3
haar_y3
0.021772 0 -1
-0.007128 -0.721481 
1
2
0 11 24 6 0 -1
0 13 24 2 0 3
haar_y3
0.082417 0 -1
0.146095 -1.363667 
1
2
2 9 20 6 0 -1
2 12 20 3 0 2
haar_y2
0.084672 0 -1
-0.177847 0.728577 
1
3
4 5 16 12 0 -1
12 5 8 6 0 2
4 11 8 6 0 2
haar_x2_y2
-0.055128 0 -1
-0.594024 0.193578 
1
2
10 2 4 15 0 -1
10 7 4 5 0 3
haar_y3
-0.064823 0 -1
-1.078384 -0.040734 
1
2
7 3 10 4 0 -1
7 5 10 2 0 2
haar_y2
-0.022769 0 -1
0.779002 0.003496 
1
2
9 15 6 8 0 -1
9 19 6 4 0 2
haar_y2
0.054756 0 -1
-0.065684 -1.818841 
1
2
17 0 7 10 0 -1
17 5 7 5 0 2
haar_y2
-0.000089 0 -1
-0.017892 0.207683 
1
2
0 0 7 10 0 -1
0 5 7 5 0 2
haar_y2
0.098362 0 -1
-0.055947 -1.415392 
1
3
16 1 6 12 0 -1
19 1 3 6 0 2
16 7 3 6 0 2
haar_x2_y2
-0.007093 0 -1
0.341353 -0.120899 
1
2
1 0 19 8 0 -1
1 4 19 4 0 2
haar_y2
0.050278 0 -1
-0.262867 0.257973 
1
2
12 2 9 4 0 -1
12 4 9 2 0 2
haar_y2
-0.005787 0 -1
-0.131786 0.173502 
1
2
3 2 9 4 0 -1
3 4 9 2 0 2
haar_y2
0.013974 0 -1
0.028518 -0.611522 
1
2
12 2 10 6 0 -1
12 4 10 2 0 3
haar_y3
0.021450 0 -1
0.026182 0.303066 
1
2
3 4 18 2 0 -1
12 4 9 2 0 2
haar_x2
-0.029214 0 -1
0.449406 -0.228031 
1
2
12 1 4 9 0 -1
12 1 2 9 0 2
haar_x2
0.000481 0 -1
-0.198800 0.207445 
1
2
8 1 4 9 0 -1
10 1 2 9 0 2
haar_x2
0.001711 0 -1
-0.540372 0.067866 
1
3
10 5 8 10 0 -1
14 5 4 5 0 2
10 10 4 5 0 2
haar_x2_y2
0.008666 0 -1
-0.013128 0.522979 
1
2
6 4 12 13 0 -1
10 4 4 13 0 3
haar_x3
0.063658 0 -1
0.068299 -0.492351 
1
2
13 5 6 6 0 -1
13 5 3 6 0 2
haar_x2
-0.027968 0 -1
0.681839 0.078781 
1
2
1 5 12 3 0 -1
7 5 6 3 0 2
haar_x2
0.048954 0 -1
-0.206224 0.503881 
-3.393356
