169
1
2
7 5 10 6 0 -1
7 7 10 2 0 3
haar_y3
-0.029313 0 -1
0.712847 -0.582307 
1
2
2 0 21 5 0 -1
9 0 7 5 0 3
haar_x3
0.124151 0 -1
-0.368635 0.600672 
1
2
0 8 9 9 0 -1
0 11 9 3 0 3
haar_y3
0.007935 0 -1
-0.860083 0.217247 
1
2
9 6 6 9 0 -1
11 6 2 9 0 3
haar_x3
0.030366 0 -1
-0.271870 0.612479 
1
2
0 3 6 7 0 -1
3 3 3 7 0 2
haar_x2
0.025218 0 -1
-0.347483 0.504277 
1
3
9 18 12 6 0 -1
15 18 6 3 0 2
9 21 6 3 0 2
haar_x2_y2
0.010014 0 -1
-0.318990 0.413768 
1
3
2 8 20 6 0 -1
2 8 10 3 0 2
12 11 10 3 0 2
haar_x2_y2
-0.016775 0 -1
-0.690481 0.094831 
1
2
13 2 10 4 0 -1
13 4 10 2 0 2
haar_y2
-0.002695 0 -1
-0.208298 0.237372 
1
2
4 5 5 18 0 -1
4 11 5 6 0 3
haar_y3
0.042258 0 -1
-0.493667 0.181706 
1
2
20 4 4 9 0 -1
20 4 2 9 0 2
haar_x2
-0.048505 0 -1
1.342964 0.039769 
1
2
8 6 8 14 0 -1
8 13 8 7 0 2
haar_y2
0.028993 0 -1
0.046496 -0.816435 
1
3
0 1 24 6 0 -1
12 1 12 3 0 2
0 4 12 3 0 2
haar_x2_y2
-0.040089 0 -1
-0.711978 0.225539 
1
2
0 4 4 9 0 -1
2 4 2 9 0 2
haar_x2
-0.041022 0 -1
1.005793 -0.196902 
1
2
3 6 18 3 0 -1
3 7 18 1 0 3
haar_y3
0.011838 0 -1
-0.012600 0.807671 
1
2
3 17 16 6 0 -1
3 19 16 2 0 3
haar_y3
-0.021328 0 -1
-0.820239 0.020525 
1
2
13 6 6 9 0 -1
13 9 6 3 0 3
haar_y3
-0.023905 0 -1
0.542105 -0.074767 
1
3
5 6 14 6 0 -1
5 6 7 3 0 2
12 9 7 3 0 2
haar_x2_y2
0.018009 0 -1
-0.338277 0.423586 
1
3
13 5 8 10 0 -1
17 5 4 5 0 2
13 10 4 5 0 2
haar_x2_y2
-0.043614 0 -1
-1.198349 0.155662 
1
2
2 2 20 3 0 -1
2 3 20 1 0 3
haar_y3
-0.009245 0 -1
-0.890300 0.011004 
1
2
9 2 9 6 0 -1
12 2 3 6 0 3
haar_x3
0.047485 0 -1
0.166641 -0.907645 
1
2
8 6 6 9 0 -1
10 6 2 9 0 3
haar_x3
-0.014234 0 -1
0.626952 -0.257912 
1
2
12 3 4 11 0 -1
12 3 2 11 0 2
haar_x2
0.003801 0 -1
-0.282300 0.266246 
1
2
8 3 4 11 0 -1
10 3 2 11 0 2
haar_x2
0.003433 0 -1
-0.637720 0.098423 
1
3
8 3 8 10 0 -1
12 3 4 5 0 2
8 8 4 5 0 2
haar_x2_y2
-0.029221 0 -1
-0.767699 0.226345 
1
2
11 1 2 18 0 -1
12 1 1 18 0 2
haar_x2
-0.006495 0 -1
0.456001 -0.265289 
1
2
9 2 9 6 0 -1
12 2 3 6 0 3
haar_x3
-0.030034 0 -1
-0.765511 0.140093 
1
2
0 2 19 3 0 -1
0 3 19 1 0 3
haar_y3
0.007836 0 -1
0.046756 -0.723562 
1
2
9 14 9 6 0 -1
9 16 9 2 0 3
haar_y3
0.008855 0 -1
-0.049142 0.514727 
1
2
1 8 18 5 0 -1
7 8 6 5 0 3
haar_x3
0.095974 0 -1
-0.020069 -1.085095 
1
2
12 0 6 9 0 -1
14 0 2 9 0 3
haar_x3
-0.032877 0 -1
-0.958753 0.145436 
1
2
6 0 6 9 0 -1
8 0 2 9 0 3
haar_x3
-0.013384 0 -1
-0.700136 0.029158 
1
2
13 6 4 15 0 -1
13 11 4 5 0 3
haar_y3
0.015236 0 -1
-0.282357 0.253680 
1
2
1 5 18 3 0 -1
1 6 18 1 0 3
haar_y3
0.012054 0 -1
-0.253034 0.465267 
1
2
9 7 14 6 0 -1
9 9 14 2 0 3
haar_y3
-0.076295 0 -1
-0.699158 0.132172 
1
2
2 16 18 3 0 -1
2 17 18 1 0 3
haar_y3
-0.012040 0 -1
0.458946 -0.238565 
1
2
15 17 9 6 0 -1
15 19 9 2 0 3
haar_y3
0.021916 0 -1
0.182686 -0.616297 
1
3
0 8 12 6 0 -1
0 8 6 3 0 2
6 11 6 3 0 2
haar_x2_y2
-0.002733 0 -1
-0.632579 0.034219 
1
2
9 13 7 8 0 -1
9 17 7 4 0 2
haar_y2
-0.048652 0 -1
-1.029773 0.173865 
1
2
2 17 20 3 0 -1
2 18 20 1 0 3
haar_y3
-0.010464 0 -1
0.347573 -0.274641 
1
2
15 17 9 6 0 -1
15 19 9 2 0 3
haar_y3
-0.006655 0 -1
-0.289803 0.240379 
1
2
4 0 15 4 0 -1
4 2 15 2 0 2
haar_y2
0.008547 0 -1
-0.443405 0.142674 
1
2
17 2 6 6 0 -1
17 5 6 3 0 2
haar_y2
0.019914 0 -1
0.177404 -0.240963 
1
2
0 3 6 9 0 -1
0 6 6 3 0 3
haar_y3
0.022013 0 -1
-0.010812 -0.946908 
1
2
15 17 9 6 0 -1
15 19 9 2 0 3
haar_y3
-0.052179 0 -1
1.654750 0.096487 
1
2
0 17 9 6 0 -1
0 19 9 2 0 3
haar_y3
0.019699 0 -1
-0.006756 -0.863115 
1
3
9 18 12 6 0 -1
15 18 6 3 0 2
9 21 6 3 0 2
haar_x2_y2
0.023040 0 -1
-0.002352 0.385313 
1
2
3 15 6 9 0 -1
3 18 6 3 0 3
haar_y3
-0.015038 0 -1
-0.619057 0.031078 
1
3
16 13 8 10 0 -1
20 13 4 5 0 2
16 18 4 5 0 2
haar_x2_y2
-0.049956 0 -1
0.706575 0.047881 
1
2
0 14 24 4 0 -1
8 14 8 4 0 3
haar_x3
-0.069270 0 -1
0.392129 -0.238480 
1
2
13 18 6 6 0 -1
13 18 3 6 0 2
haar_x2
0.004740 0 -1
-0.024309 0.253863 
1
3
0 13 8 10 0 -1
0 13 4 5 0 2
4 18 4 5 0 2
haar_x2_y2
-0.033924 0 -1
0.469304 -0.233219 
1
2
0 14 24 6 0 -1
0 17 24 3 0 2
haar_y2
-0.016231 0 -1
0.323192 -0.205456 
1
3
5 2 12 8 0 -1
5 2 6 4 0 2
11 6 6 4 0 2
haar_x2_y2
-0.050193 0 -1
-1.227787 -0.040798 
1
2
8 9 9 6 0 -1
11 9 3 6 0 3
haar_x3
0.056944 0 -1
0.045184 0.601975 
1
2
4 3 16 4 0 -1
4 5 16 2 0 2
haar_y2
0.040937 0 -1
-0.167728 0.898193 
1
2
10 2 4 10 0 -1
10 7 4 5 0 2
haar_y2
-0.003084 0 -1
0.337162 -0.272408 
1
2
8 4 5 8 0 -1
8 8 5 4 0 2
haar_y2
-0.032600 0 -1
-0.854465 0.019665 
1
2
11 5 9 12 0 -1
11 9 9 4 0 3
haar_y3
0.098481 0 -1
0.054742 0.638273 
1
2
4 5 9 12 0 -1
4 9 9 4 0 3
haar_y3
-0.038185 0 -1
0.522747 -0.233848 
1
2
14 6 6 9 0 -1
14 9 6 3 0 3
haar_y3
-0.045917 0 -1
0.628292 0.032859 
1
2
2 4 20 12 0 -1
2 8 20 4 0 3
haar_y3
-0.119555 0 -1
-0.615727 0.034680 
1
2
4 4 17 16 0 -1
4 12 17 8 0 2
haar_y2
-0.120444 0 -1
-0.843800 0.165307 
1
2
8 7 7 6 0 -1
8 10 7 3 0 2
haar_y2
0.070619 0 -1
-0.063261 -1.986393 
1
2
1 9 23 2 0 -1
1 10 23 1 0 2
haar_y2
0.008489 0 -1
-0.176634 0.380112 
1
2
7 0 6 9 0 -1
9 0 2 9 0 3
haar_x3
0.022711 0 -1
-0.027606 -0.919214 
1
2
13 3 4 9 0 -1
13 3 2 9 0 2
haar_x2
0.000497 0 -1
-0.242932 0.228789 
1
2
8 1 6 13 0 -1
10 1 2 13 0 3
haar_x3
0.034652 0 -1
-0.237060 0.540110 
1
2
4 22 18 2 0 -1
4 23 18 1 0 2
haar_y2
-0.004470 0 -1
0.390790 -0.126938 
1
2
3 10 9 6 0 -1
6 10 3 6 0 3
haar_x3
0.023643 0 -1
-0.266637 0.323126 
1
2
14 0 2 24 0 -1
14 0 1 24 0 2
haar_x2
0.012813 0 -1
0.175408 -0.607880 
1
2
8 0 2 24 0 -1
9 0 1 24 0 2
haar_x2
-0.011251 0 -1
-1.085259 -0.028046 
1
2
3 2 18 10 0 -1
9 2 6 10 0 3
haar_x3
-0.041535 0 -1
0.718874 0.027982 
1
2
4 13 15 6 0 -1
9 13 5 6 0 3
haar_x3
-0.093471 0 -1
-1.190632 -0.044811 
1
2
3 21 18 3 0 -1
9 21 6 3 0 3
haar_x3
-0.027250 0 -1
0.629425 0.009504 
1
2
9 1 4 11 0 -1
11 1 2 11 0 2
haar_x2
-0.021760 0 -1
1.323365 -0.150270 
1
2
9 7 10 4 0 -1
9 7 5 4 0 2
haar_x2
-0.009689 0 -1
-0.339471 0.170858 
1
2
7 0 10 18 0 -1
12 0 5 18 0 2
haar_x2
0.069396 0 -1
-0.256578 0.476521 
1
2
12 1 6 16 0 -1
14 1 2 16 0 3
haar_x3
0.031209 0 -1
0.141540 -0.349420 
1
2
6 1 6 16 0 -1
8 1 2 16 0 3
haar_x3
-0.049727 0 -1
-1.167556 -0.040758 
1
2
18 2 6 6 0 -1
18 5 6 3 0 2
haar_y2
-0.020302 0 -1
-0.394864 0.158149 
1
2
3 5 18 2 0 -1
3 6 18 1 0 2
haar_y2
-0.015367 0 -1
0.493000 -0.200921 
1
2
18 2 6 6 0 -1
18 5 6 3 0 2
haar_y2
-0.050735 0 -1
1.873606 0.086730 
1
2
0 2 6 6 0 -1
0 5 6 3 0 2
haar_y2
-0.020726 0 -1
-0.889384 -0.007320 
1
2
13 11 11 6 0 -1
13 13 11 2 0 3
haar_y3
-0.030994 0 -1
-1.166490 0.142746 
1
2
5 7 10 4 0 -1
10 7 5 4 0 2
haar_x2
-0.004427 0 -1
-0.668151 0.004412 
1
2
11 9 10 7 0 -1
11 9 5 7 0 2
haar_x2
-0.045744 0 -1
-0.479552 0.151220 
1
2
3 9 10 7 0 -1
8 9 5 7 0 2
haar_x2
0.016699 0 -1
0.120486 -0.452359 
1
2
16 4 6 6 0 -1
16 4 3 6 0 2
haar_x2
0.003221 0 -1
-0.077615 0.278466 
1
3
5 6 10 8 0 -1
5 6 5 4 0 2
10 10 5 4 0 2
haar_x2_y2
0.024434 0 -1
-0.199871 0.672537 
1
2
7 21 16 3 0 -1
7 21 8 3 0 2
haar_x2
-0.079678 0 -1
0.922224 0.092558 
1
2
1 21 16 3 0 -1
9 21 8 3 0 2
haar_x2
0.044530 0 -1
-0.266905 0.333205 
1
3
2 5 22 14 0 -1
13 5 11 7 0 2
2 12 11 7 0 2
haar_x2_y2
-0.125283 0 -1
-0.542531 0.139763 
1
3
3 10 8 10 0 -1
3 10 4 5 0 2
7 15 4 5 0 2
haar_x2_y2
0.017972 0 -1
0.018220 -0.680485 
1
3
17 0 6 12 0 -1
20 0 3 6 0 2
17 6 3 6 0 2
haar_x2_y2
0.019184 0 -1
-0.012584 0.541267 
1
2
5 2 6 18 0 -1
7 2 2 18 0 3
haar_x3
0.040024 0 -1
-0.176388 0.788104 
1
2
13 0 6 9 0 -1
15 0 2 9 0 3
haar_x3
0.013559 0 -1
0.207376 -0.477443 
1
2
0 12 7 9 0 -1
0 15 7 3 0 3
haar_y3
0.016221 0 -1
0.023077 -0.611821 
1
3
15 13 8 10 0 -1
19 13 4 5 0 2
15 18 4 5 0 2
haar_x2_y2
0.011229 0 -1
-0.017728 0.417642 
1
3
1 0 6 12 0 -1
1 0 3 6 0 2
4 6 3 6 0 2
haar_x2_y2
0.039193 0 -1
-0.189485 0.740193 
1
2
12 1 3 12 0 -1
12 7 3 6 0 2
haar_y2
-0.009554 0 -1
0.409471 -0.135089 
1
3
1 13 8 10 0 -1
1 13 4 5 0 2
5 18 4 5 0 2
haar_x2_y2
0.027879 0 -1
-0.203507 0.616254 
1
2
3 21 19 2 0 -1
3 22 19 1 0 2
haar_y2
-0.023601 0 -1
-1.696706 0.146332 
1
2
6 3 4 13 0 -1
8 3 2 13 0 2
haar_x2
0.026930 0 -1
-0.030402 -1.090947 
1
2
5 10 18 3 0 -1
5 11 18 1 0 3
haar_y3
0.000290 0 -1
-0.200760 0.223141 
1
2
9 3 5 12 0 -1
9 7 5 4 0 3
haar_y3
-0.041125 0 -1
-0.452422 0.057392 
1
2
11 2 4 15 0 -1
11 7 4 5 0 3
haar_y3
0.006679 0 -1
0.238249 -0.212621 
1
2
4 1 16 4 0 -1
4 3 16 2 0 2
haar_y2
0.047865 0 -1
-0.181948 0.619184 
1
2
6 0 18 3 0 -1
6 1 18 1 0 3
haar_y3
-0.003168 0 -1
-0.273932 0.250173 
1
3
5 1 10 8 0 -1
5 1 5 4 0 2
10 5 5 4 0 2
haar_x2_y2
-0.008623 0 -1
-0.462803 0.042398 
1
3
11 18 12 6 0 -1
17 18 6 3 0 2
11 21 6 3 0 2
haar_x2_y2
-0.007435 0 -1
0.417968 -0.001708 
1
2
5 15 12 3 0 -1
11 15 6 3 0 2
haar_x2
-0.001877 0 -1
0.146023 -0.337211 
1
2
1 10 22 4 0 -1
1 10 11 4 0 2
haar_x2
-0.086226 0 -1
0.751434 0.010712 
1
2
7 9 9 6 0 -1
10 9 3 6 0 3
haar_x3
0.046834 0 -1
-0.191196 0.484149 
1
2
6 11 12 5 0 -1
10 11 4 5 0 3
haar_x3
-0.000092 0 -1
0.352204 -0.173333 
1
2
6 7 10 7 0 -1
11 7 5 7 0 2
haar_x2
-0.016344 0 -1
-0.643977 0.009068 
1
2
11 2 8 10 0 -1
11 2 4 10 0 2
haar_x2
0.045704 0 -1
0.018216 0.319708 
1
2
5 2 8 10 0 -1
9 2 4 10 0 2
haar_x2
-0.027383 0 -1
1.056405 -0.172764 
1
3
6 4 18 6 0 -1
15 4 9 3 0 2
6 7 9 3 0 2
haar_x2_y2
-0.027602 0 -1
0.297155 -0.009460 
1
2
0 5 10 9 0 -1
0 8 10 3 0 3
haar_y3
0.007694 0 -1
-0.216603 0.473852 
1
2
2 7 21 6 0 -1
2 9 21 2 0 3
haar_y3
-0.000705 0 -1
0.240488 -0.267760 
1
3
0 4 22 16 0 -1
0 4 11 8 0 2
11 12 11 8 0 2
haar_x2_y2
0.110542 0 -1
-0.033539 -1.023388 
1
2
9 0 6 22 0 -1
9 11 6 11 0 2
haar_y2
0.068766 0 -1
-0.004324 0.571534 
1
2
9 1 3 12 0 -1
9 7 3 6 0 2
haar_y2
0.001800 0 -1
0.077575 -0.420927 
1
3
12 0 12 18 0 -1
18 0 6 9 0 2
12 9 6 9 0 2
haar_x2_y2
0.192320 0 -1
0.082022 2.881017 
1
3
0 0 12 18 0 -1
0 0 6 9 0 2
6 9 6 9 0 2
haar_x2_y2
0.157421 0 -1
-0.137082 2.089006 
1
3
1 1 22 4 0 -1
12 1 11 2 0 2
1 3 11 2 0 2
haar_x2_y2
-0.049387 0 -1
-1.861091 0.143321 
1
2
3 0 18 4 0 -1
3 2 18 2 0 2
haar_y2
0.051929 0 -1
-0.187370 0.542316 
1
2
2 5 22 6 0 -1
2 7 22 2 0 3
haar_y3
0.049965 0 -1
0.141753 -1.562578 
1
2
5 0 6 9 0 -1
5 3 6 3 0 3
haar_y3
-0.042633 0 -1
1.605948 -0.147129 
1
2
10 14 6 9 0 -1
12 14 2 9 0 3
haar_x3
-0.037554 0 -1
-0.809749 0.132570 
1
2
8 14 6 9 0 -1
10 14 2 9 0 3
haar_x3
-0.037175 0 -1
-1.394502 -0.057055 
1
2
5 18 18 3 0 -1
5 19 18 1 0 3
haar_y3
0.013946 0 -1
0.033427 0.574748 
1
2
6 0 6 13 0 -1
9 0 3 13 0 2
haar_x2
-0.000448 0 -1
-0.553275 0.021953 
1
2
7 4 12 4 0 -1
7 4 6 4 0 2
haar_x2
0.031993 0 -1
0.020341 0.374592 
1
2
5 2 12 6 0 -1
9 2 4 6 0 3
haar_x3
-0.004280 0 -1
0.444287 -0.229997 
1
2
4 1 18 3 0 -1
4 2 18 1 0 3
haar_y3
0.009855 0 -1
0.183158 -0.409650 
1
2
0 8 6 12 0 -1
0 12 6 4 0 3
haar_y3
0.093357 0 -1
-0.063661 -1.692929 
1
2
9 15 6 9 0 -1
11 15 2 9 0 3
haar_x3
0.017210 0 -1
0.201539 -0.460611 
1
2
9 10 6 13 0 -1
11 10 2 13 0 3
haar_x3
0.008432 0 -1
-0.320040 0.153122 
1
2
6 17 18 2 0 -1
6 18 18 1 0 2
haar_y2
-0.014055 0 -1
0.868824 0.032575 
1
2
9 4 6 9 0 -1
11 4 2 9 0 3
haar_x3
-0.007718 0 -1
0.636867 -0.184255 
1
2
10 0 6 9 0 -1
12 0 2 9 0 3
haar_x3
0.028005 0 -1
0.173575 -0.478836 
1
3
5 6 10 8 0 -1
5 6 5 4 0 2
10 10 5 4 0 2
haar_x2_y2
-0.018885 0 -1
0.241016 -0.265476 
1
2
14 9 5 8 0 -1
14 13 5 4 0 2
haar_y2
-0.018585 0 -1
0.542325 0.053633 
1
2
5 9 5 8 0 -1
5 13 5 4 0 2
haar_y2
-0.036437 0 -1
2.390890 -0.136347 
1
2
14 11 9 6 0 -1
14 13 9 2 0 3
haar_y3
0.032455 0 -1
0.159107 -0.675815 
1
2
0 2 23 15 0 -1
0 7 23 5 0 3
haar_y3
0.059782 0 -1
-0.002348 -0.730537 
1
2
16 0 8 12 0 -1
16 6 8 6 0 2
haar_y2
0.009821 0 -1
-0.114441 0.305703 
1
2
4 15 6 9 0 -1
4 18 6 3 0 3
haar_y3
-0.035164 0 -1
-1.051147 -0.033103 
1
2
8 18 9 4 0 -1
8 20 9 2 0 2
haar_y2
0.002743 0 -1
-0.201354 0.327541 
1
2
0 17 18 3 0 -1
0 18 18 1 0 3
haar_y3
0.008106 0 -1
-0.213835 0.433621 
1
2
13 11 11 6 0 -1
13 13 11 2 0 3
haar_y3
0.088943 0 -1
0.109409 -4.760934 
1
2
0 11 11 6 0 -1
0 13 11 2 0 3
haar_y3
-0.030055 0 -1
-1.716930 -0.060919 
1
3
0 9 24 6 0 -1
12 9 12 3 0 2
0 12 12 3 0 2
haar_x2_y2
-0.021735 0 -1
0.647789 -0.032831 
1
2
6 16 8 8 0 -1
6 20 8 4 0 2
haar_y2
0.037649 0 -1
-0.010060 -0.765691 
1
2
10 16 14 6 0 -1
10 18 14 2 0 3
haar_y3
0.002719 0 -1
0.198889 -0.082479 
1
2
1 1 21 3 0 -1
1 2 21 1 0 3
haar_y3
-0.010548 0 -1
-0.866136 -0.025986 
1
2
0 2 24 3 0 -1
0 2 12 3 0 2
haar_x2
0.129663 0 -1
0.139120 -2.227195 
1
2
2 15 8 5 0 -1
6 15 4 5 0 2
haar_x2
-0.017677 0 -1
0.339677 -0.239896 
1
2
2 11 21 3 0 -1
9 11 7 3 0 3
haar_x3
-0.077052 0 -1
-2.501797 0.128420 
1
3
1 18 12 6 0 -1
1 18 6 3 0 2
7 21 6 3 0 2
haar_x2_y2
-0.019230 0 -1
0.506412 -0.197516 
1
2
10 14 4 10 0 -1
10 19 4 5 0 2
haar_y2
-0.051223 0 -1
-2.933337 0.138585 
1
2
7 7 4 10 0 -1
7 12 4 5 0 2
haar_y2
0.002083 0 -1
-0.600436 0.029718 
1
2
9 8 6 12 0 -1
9 12 6 4 0 3
haar_y3
0.025418 0 -1
0.339158 -0.143920 
1
2
7 1 9 6 0 -1
10 1 3 6 0 3
haar_x3
-0.023906 0 -1
-1.108268 -0.047377 
1
2
3 14 19 2 0 -1
3 15 19 1 0 2
haar_y2
-0.006374 0 -1
0.445337 -0.067053 
1
3
7 7 10 10 0 -1
7 7 5 5 0 2
12 12 5 5 0 2
haar_x2_y2
-0.037699 0 -1
-1.040658 -0.041790 
1
2
3 12 18 12 0 -1
3 12 9 12 0 2
haar_x2
0.216551 0 -1
0.033863 0.820173 
1
2
8 0 6 12 0 -1
10 0 2 12 0 3
haar_x3
-0.013401 0 -1
0.529035 -0.191330 
-3.239693
