196
1
2
3 0 17 9 0 -1
3 3 17 3 0 3
haar_y3
0.071269 0 -1
-0.536312 0.607153 
1
2
6 0 12 11 0 -1
10 0 4 11 0 3
haar_x3
0.056111 0 -1
-0.501416 0.439761 
1
2
1 0 6 13 0 -1
4 0 3 13 0 2
haar_x2
0.040464 0 -1
-0.329222 0.548347 
1
2
5 8 16 6 0 -1
5 11 16 3 0 2
haar_y2
0.063155 0 -1
-0.317017 0.461530 
1
2
8 8 5 12 0 -1
8 14 5 6 0 2
haar_y2
0.010321 0 -1
0.106950 -0.982439 
1
2
3 21 18 3 0 -1
9 21 6 3 0 3
haar_x3
0.062607 0 -1
-0.143297 0.710950 
1
2
0 0 6 6 0 -1
3 0 3 6 0 2
haar_x2
-0.039416 0 -1
0.943802 -0.215721 
1
2
2 0 20 3 0 -1
2 1 20 1 0 3
haar_y3
-0.005396 0 -1
-0.546120 0.253038 
1
2
4 6 15 10 0 -1
9 6 5 10 0 3
haar_x3
0.107732 0 -1
0.012496 -1.080920 
1
2
9 6 6 9 0 -1
11 6 2 9 0 3
haar_x3
0.016982 0 -1
-0.315364 0.512400 
1
2
9 0 6 9 0 -1
11 0 2 9 0 3
haar_x3
0.031217 0 -1
-0.004520 -1.244348 
1
2
14 0 6 9 0 -1
16 0 2 9 0 3
haar_x3
-0.023107 0 -1
-0.764929 0.206406 
1
2
7 16 9 6 0 -1
7 18 9 2 0 3
haar_y3
-0.011204 0 -1
0.240927 -0.351421 
1
2
14 0 6 9 0 -1
16 0 2 9 0 3
haar_x3
-0.004748 0 -1
-0.097008 0.206381 
1
2
4 0 6 9 0 -1
6 0 2 9 0 3
haar_x3
-0.017359 0 -1
-0.790203 0.021853 
1
2
17 1 6 16 0 -1
19 1 2 16 0 3
haar_x3
0.018852 0 -1
-0.103946 0.548442 
1
2
1 1 6 16 0 -1
3 1 2 16 0 3
haar_x3
0.007225 0 -1
-0.404094 0.267638 
1
2
14 13 6 9 0 -1
14 16 6 3 0 3
haar_y3
0.018916 0 -1
0.205080 -1.020634 
1
2
0 0 6 9 0 -1
0 3 6 3 0 3
haar_y3
0.031157 0 -1
0.001240 -0.872935 
1
2
9 5 6 6 0 -1
9 5 3 6 0 2
haar_x2
0.020952 0 -1
-0.005556 0.803562 
1
2
3 10 9 6 0 -1
6 10 3 6 0 3
haar_x3
0.011291 0 -1
-0.364784 0.227679 
1
2
14 7 3 16 0 -1
14 15 3 8 0 2
haar_y2
-0.057011 0 -1
-1.429562 0.143220 
1
3
4 10 14 12 0 -1
4 10 7 6 0 2
11 16 7 6 0 2
haar_x2_y2
0.072194 0 -1
-0.041850 -1.911183 
1
2
7 6 12 6 0 -1
7 8 12 2 0 3
haar_y3
-0.019874 0 -1
0.264255 -0.326177 
1
2
7 2 4 20 0 -1
9 2 2 20 0 2
haar_x2
-0.016693 0 -1
-0.839078 0.000408 
1
2
14 13 6 9 0 -1
14 16 6 3 0 3
haar_y3
-0.039835 0 -1
-0.488585 0.164361 
1
2
10 6 4 9 0 -1
12 6 2 9 0 2
haar_x2
0.027010 0 -1
-0.188625 0.834194 
1
2
14 13 6 9 0 -1
14 16 6 3 0 3
haar_y3
-0.003942 0 -1
0.232315 -0.072360 
1
2
5 20 14 4 0 -1
5 22 14 2 0 2
haar_y2
0.022833 0 -1
-0.035884 -1.154940 
1
2
4 4 16 12 0 -1
4 10 16 6 0 2
haar_y2
-0.068888 0 -1
-1.783731 0.151590 
1
2
9 6 6 9 0 -1
11 6 2 9 0 3
haar_x3
0.043097 0 -1
-0.216081 0.506241 
1
2
3 0 21 4 0 -1
3 2 21 2 0 2
haar_y2
0.008624 0 -1
-0.177956 0.289579 
1
2
4 13 6 9 0 -1
4 16 6 3 0 3
haar_y3
0.014561 0 -1
-0.011408 -0.894020 
1
2
16 16 5 8 0 -1
16 20 5 4 0 2
haar_y2
-0.011501 0 -1
0.301720 -0.043659 
1
3
4 0 16 16 0 -1
4 0 8 8 0 2
12 8 8 8 0 2
haar_x2_y2
-0.109715 0 -1
-0.951471 -0.019973 
1
3
6 6 14 6 0 -1
13 6 7 3 0 2
6 9 7 3 0 2
haar_x2_y2
0.045228 0 -1
0.033111 0.966198 
1
2
10 5 4 15 0 -1
10 10 4 5 0 3
haar_y3
-0.027048 0 -1
0.979636 -0.172619 
1
3
9 15 12 8 0 -1
15 15 6 4 0 2
9 19 6 4 0 2
haar_x2_y2
0.018031 0 -1
-0.020801 0.273859 
1
2
6 7 12 4 0 -1
12 7 6 4 0 2
haar_x2
0.050525 0 -1
-0.056803 -1.777509 
1
3
5 6 14 6 0 -1
12 6 7 3 0 2
5 9 7 3 0 2
haar_x2_y2
-0.029924 0 -1
0.653292 -0.023537 
1
3
3 6 18 10 0 -1
3 6 9 5 0 2
12 11 9 5 0 2
haar_x2_y2
0.038058 0 -1
0.026317 -0.706657 
1
2
6 0 18 21 0 -1
12 0 6 21 0 3
haar_x3
0.185639 0 -1
-0.005604 0.328737 
1
2
0 0 24 21 0 -1
8 0 8 21 0 3
haar_x3
-0.004067 0 -1
0.342048 -0.301716 
1
2
6 18 18 3 0 -1
6 19 18 1 0 3
haar_y3
0.010109 0 -1
-0.007360 0.579816 
1
2
0 15 9 6 0 -1
0 17 9 2 0 3
haar_y3
-0.011567 0 -1
-0.527222 0.046448 
1
2
4 3 19 2 0 -1
4 4 19 1 0 2
haar_y2
-0.006565 0 -1
-0.585291 0.191019 
1
2
0 3 24 2 0 -1
0 4 24 1 0 2
haar_y2
0.010582 0 -1
0.021073 -0.688926 
1
2
15 14 9 4 0 -1
15 16 9 2 0 2
haar_y2
-0.020304 0 -1
-0.364007 0.153388 
1
2
0 14 9 4 0 -1
0 16 9 2 0 2
haar_y2
0.002353 0 -1
0.036164 -0.598251 
1
2
6 15 18 2 0 -1
6 16 18 1 0 2
haar_y2
-0.001469 0 -1
-0.147077 0.375080 
1
2
3 17 18 3 0 -1
3 18 18 1 0 3
haar_y3
0.008645 0 -1
-0.217085 0.519368 
1
2
12 0 3 23 0 -1
13 0 1 23 0 3
haar_x3
-0.024326 0 -1
-1.084677 0.140848 
1
2
6 0 8 6 0 -1
6 3 8 3 0 2
haar_y2
0.074419 0 -1
-0.155138 1.182277 
1
2
6 16 18 3 0 -1
6 17 18 1 0 3
haar_y3
0.017078 0 -1
0.044231 0.915611 
1
2
9 0 3 23 0 -1
10 0 1 23 0 3
haar_x3
-0.024578 0 -1
-1.550410 -0.054746 
1
2
10 7 4 10 0 -1
10 12 4 5 0 2
haar_y2
0.030205 0 -1
0.166628 -1.000124 
1
2
7 8 10 12 0 -1
7 12 10 4 0 3
haar_y3
0.012136 0 -1
-0.770791 -0.004864 
1
3
14 9 6 14 0 -1
17 9 3 7 0 2
14 16 3 7 0 2
haar_x2_y2
0.086717 0 -1
0.110617 -1.685800 
1
2
2 0 10 9 0 -1
2 3 10 3 0 3
haar_y3
-0.042309 0 -1
1.107593 -0.154386 
1
2
11 1 5 12 0 -1
11 7 5 6 0 2
haar_y2
-0.002642 0 -1
0.274519 -0.184562 
1
3
1 4 12 10 0 -1
1 4 6 5 0 2
7 9 6 5 0 2
haar_x2_y2
-0.056662 0 -1
-0.806256 -0.016928 
1
2
15 1 9 4 0 -1
15 3 9 2 0 2
haar_y2
0.023475 0 -1
0.141877 -0.255009 
1
3
1 2 8 10 0 -1
1 2 4 5 0 2
5 7 4 5 0 2
haar_x2_y2
-0.020803 0 -1
0.198263 -0.311712 
1
2
10 1 5 12 0 -1
10 5 5 4 0 3
haar_y3
0.007260 0 -1
-0.050591 0.419238 
1
2
4 0 14 24 0 -1
11 0 7 24 0 2
haar_x2
0.341600 0 -1
-0.166749 0.927486 
1
2
7 17 10 4 0 -1
7 19 10 2 0 2
haar_y2
0.006203 0 -1
-0.126259 0.404453 
1
2
10 14 4 10 0 -1
10 19 4 5 0 2
haar_y2
0.032692 0 -1
-0.032635 -0.989398 
1
2
13 15 6 9 0 -1
15 15 2 9 0 3
haar_x3
0.000211 0 -1
-0.064534 0.254737 
1
2
3 21 18 3 0 -1
3 22 18 1 0 3
haar_y3
0.000721 0 -1
-0.366186 0.119731 
1
2
13 15 6 9 0 -1
15 15 2 9 0 3
haar_x3
0.054491 0 -1
0.120735 -1.029139 
1
2
5 15 6 9 0 -1
7 15 2 9 0 3
haar_x3
-0.010141 0 -1
-0.521772 0.033735 
1
3
10 6 4 18 0 -1
12 6 2 9 0 2
10 15 2 9 0 2
haar_x2_y2
-0.018816 0 -1
0.651818 0.001340 
1
2
7 3 6 11 0 -1
9 3 2 11 0 3
haar_x3
-0.005348 0 -1
0.173707 -0.341320 
1
2
15 1 9 4 0 -1
15 3 9 2 0 2
haar_y2
-0.010847 0 -1
-0.196999 0.150455 
1
2
5 4 14 8 0 -1
5 8 14 4 0 2
haar_y2
-0.049926 0 -1
-0.508885 0.030762 
1
2
8 1 15 9 0 -1
8 4 15 3 0 3
haar_y3
0.012160 0 -1
-0.069252 0.187455 
1
3
7 2 8 10 0 -1
7 2 4 5 0 2
11 7 4 5 0 2
haar_x2_y2
-0.002219 0 -1
-0.408491 0.079955 
1
2
12 2 6 12 0 -1
12 2 3 12 0 2
haar_x2
0.003158 0 -1
-0.211246 0.223664 
1
2
6 2 6 12 0 -1
9 2 3 12 0 2
haar_x2
0.004144 0 -1
-0.499003 0.062917 
1
2
7 7 12 4 0 -1
7 7 6 4 0 2
haar_x2
-0.007373 0 -1
-0.205533 0.220967 
1
2
6 3 12 10 0 -1
10 3 4 10 0 3
haar_x3
0.051812 0 -1
0.180968 -0.434958 
1
3
5 6 16 6 0 -1
13 6 8 3 0 2
5 9 8 3 0 2
haar_x2_y2
0.018340 0 -1
0.015200 0.379917 
1
2
3 1 18 9 0 -1
9 1 6 9 0 3
haar_x3
0.174908 0 -1
-0.209208 0.400130 
1
2
3 8 18 5 0 -1
9 8 6 5 0 3
haar_x3
0.053994 0 -1
0.247516 -0.267129 
1
3
0 0 24 22 0 -1
0 0 12 11 0 2
12 11 12 11 0 2
haar_x2_y2
-0.320332 0 -1
-1.909438 -0.066961 
1
2
14 16 9 6 0 -1
14 18 9 2 0 3
haar_y3
-0.027060 0 -1
-0.713713 0.159046 
1
2
0 16 24 8 0 -1
0 20 24 4 0 2
haar_y2
0.077464 0 -1
-0.169702 0.775530 
1
3
1 19 22 4 0 -1
12 19 11 2 0 2
1 21 11 2 0 2
haar_x2_y2
0.023772 0 -1
0.190219 -0.601621 
1
2
1 16 9 6 0 -1
1 18 9 2 0 3
haar_y3
0.011501 0 -1
0.007704 -0.617303 
1
2
7 8 10 4 0 -1
7 8 5 4 0 2
haar_x2
0.032616 0 -1
0.171592 -0.709782 
1
2
9 15 6 9 0 -1
11 15 2 9 0 3
haar_x3
-0.044383 0 -1
-2.260623 -0.073277 
1
3
10 18 12 6 0 -1
16 18 6 3 0 2
10 21 6 3 0 2
haar_x2_y2
-0.058476 0 -1
2.408775 0.083092 
1
3
2 18 12 6 0 -1
2 18 6 3 0 2
8 21 6 3 0 2
haar_x2_y2
0.019304 0 -1
-0.270823 0.273700 
1
2
8 3 16 9 0 -1
8 6 16 3 0 3
haar_y3
-0.044706 0 -1
0.313556 -0.062492 
1
2
0 5 10 6 0 -1
0 7 10 2 0 3
haar_y3
-0.060335 0 -1
-1.451512 -0.058761 
1
2
5 5 18 3 0 -1
5 6 18 1 0 3
haar_y3
0.011667 0 -1
-0.018085 0.504797 
1
2
2 6 9 6 0 -1
2 9 9 3 0 2
haar_y2
0.028010 0 -1
-0.233029 0.307087 
1
2
14 2 10 9 0 -1
14 5 10 3 0 3
haar_y3
0.065397 0 -1
0.141359 -0.500109 
1
2
3 6 18 3 0 -1
3 7 18 1 0 3
haar_y3
0.009624 0 -1
-0.220546 0.391912 
1
2
9 2 15 6 0 -1
9 4 15 2 0 3
haar_y3
0.002551 0 -1
-0.113815 0.200323 
1
2
4 8 15 6 0 -1
4 10 15 2 0 3
haar_y3
0.031847 0 -1
0.025477 -0.533264 
1
3
0 5 24 4 0 -1
12 5 12 2 0 2
0 7 12 2 0 2
haar_x2_y2
0.033055 0 -1
0.178077 -0.627939 
1
2
7 8 6 12 0 -1
9 8 2 12 0 3
haar_x3
0.047601 0 -1
-0.147479 1.420418 
1
2
11 0 6 9 0 -1
13 0 2 9 0 3
haar_x3
-0.019572 0 -1
-0.526935 0.158386 
1
3
0 12 6 12 0 -1
0 12 3 6 0 2
3 18 3 6 0 2
haar_x2_y2
-0.054730 0 -1
0.882316 -0.166278 
1
2
14 12 10 6 0 -1
14 14 10 2 0 3
haar_y3
-0.022686 0 -1
-0.483869 0.150001 
1
2
2 7 18 9 0 -1
2 10 18 3 0 3
haar_y3
0.107132 0 -1
-0.213362 0.423339 
1
2
11 14 10 9 0 -1
11 17 10 3 0 3
haar_y3
-0.036380 0 -1
-0.074198 0.145894 
1
3
7 6 10 8 0 -1
7 6 5 4 0 2
12 10 5 4 0 2
haar_x2_y2
0.013936 0 -1
-0.249116 0.267712 
1
3
6 6 14 6 0 -1
13 6 7 3 0 2
6 9 7 3 0 2
haar_x2_y2
0.020992 0 -1
0.008796 0.430650 
1
2
4 13 9 7 0 -1
7 13 3 7 0 3
haar_x3
0.049119 0 -1
-0.175920 0.692829 
1
3
14 10 6 12 0 -1
17 10 3 6 0 2
14 16 3 6 0 2
haar_x2_y2
0.036316 0 -1
0.131453 -0.335973 
1
3
4 10 6 12 0 -1
4 10 3 6 0 2
7 16 3 6 0 2
haar_x2_y2
0.041228 0 -1
-0.045692 -1.351593 
1
2
13 9 8 6 0 -1
13 9 4 6 0 2
haar_x2
0.015672 0 -1
0.175441 -0.060550 
1
2
8 3 4 14 0 -1
10 3 2 14 0 2
haar_x2
-0.016286 0 -1
-1.130819 -0.039533 
1
2
17 0 3 18 0 -1
18 0 1 18 0 3
haar_x3
-0.003023 0 -1
-0.224543 0.236281 
1
2
4 12 16 12 0 -1
12 12 8 12 0 2
haar_x2
-0.137863 0 -1
0.453769 -0.210987 
1
2
15 0 6 14 0 -1
17 0 2 14 0 3
haar_x3
-0.009676 0 -1
-0.151051 0.207817 
1
2
3 0 6 14 0 -1
5 0 2 14 0 3
haar_x3
-0.024840 0 -1
-0.683503 -0.008004 
1
2
12 2 12 20 0 -1
16 2 4 20 0 3
haar_x3
-0.139644 0 -1
0.650113 0.046544 
1
2
0 2 12 20 0 -1
4 2 4 20 0 3
haar_x3
-0.082154 0 -1
0.448872 -0.235920 
1
2
16 0 6 17 0 -1
18 0 2 17 0 3
haar_x3
0.003845 0 -1
-0.088173 0.273468 
1
2
2 0 6 17 0 -1
4 0 2 17 0 3
haar_x3
-0.006658 0 -1
-0.468666 0.077002 
1
2
15 6 9 6 0 -1
15 8 9 2 0 3
haar_y3
-0.015898 0 -1
0.292684 -0.021941 
1
2
0 6 9 6 0 -1
0 8 9 2 0 3
haar_y3
-0.050946 0 -1
-1.209379 -0.042110 
1
2
18 1 6 13 0 -1
20 1 2 13 0 3
haar_x3
0.016838 0 -1
-0.045596 0.501807 
1
2
0 1 6 13 0 -1
2 1 2 13 0 3
haar_x3
0.015919 0 -1
-0.269043 0.265163 
1
2
16 0 4 9 0 -1
16 0 2 9 0 2
haar_x2
0.003631 0 -1
-0.130461 0.318071 
1
2
5 10 12 7 0 -1
9 10 4 7 0 3
haar_x3
-0.086145 0 -1
1.944366 -0.139783 
1
2
12 9 12 6 0 -1
12 11 12 2 0 3
haar_y3
0.033141 0 -1
0.152668 -0.030866 
1
2
0 9 12 6 0 -1
0 11 12 2 0 3
haar_y3
-0.003968 0 -1
-0.712023 -0.013844 
1
2
5 7 14 9 0 -1
5 10 14 3 0 3
haar_y3
-0.024008 0 -1
0.920078 0.046724 
1
2
0 15 20 3 0 -1
0 16 20 1 0 3
haar_y3
0.008732 0 -1
-0.225673 0.319318 
1
3
8 10 8 10 0 -1
12 10 4 5 0 2
8 15 4 5 0 2
haar_x2_y2
-0.027787 0 -1
-0.723371 0.170186 
1
2
5 4 13 9 0 -1
5 7 13 3 0 3
haar_y3
-0.194553 0 -1
1.246186 -0.147362 
1
2
10 2 6 18 0 -1
10 8 6 6 0 3
haar_y3
-0.108697 0 -1
-1.446518 0.121453 
1
2
6 0 6 9 0 -1
8 0 2 9 0 3
haar_x3
-0.019495 0 -1
-0.781531 -0.023733 
1
2
6 9 12 4 0 -1
6 11 12 2 0 2
haar_y2
0.003065 0 -1
-0.854714 0.166870 
1
2
3 2 15 12 0 -1
3 6 15 4 0 3
haar_y3
0.059194 0 -1
-0.148537 1.127347 
1
2
12 0 12 5 0 -1
16 0 4 5 0 3
haar_x3
-0.054208 0 -1
0.547270 0.035524 
1
2
0 15 18 3 0 -1
6 15 6 3 0 3
haar_x3
-0.039325 0 -1
0.366426 -0.205440 
1
2
0 14 24 5 0 -1
8 14 8 5 0 3
haar_x3
0.082279 0 -1
-0.035008 0.539942 
1
2
5 1 3 18 0 -1
6 1 1 18 0 3
haar_x3
-0.007448 0 -1
-0.615375 -0.003532 
1
2
10 0 4 14 0 -1
10 0 2 14 0 2
haar_x2
0.007377 0 -1
-0.065591 0.419614 
1
2
9 3 4 9 0 -1
11 3 2 9 0 2
haar_x2
0.007078 0 -1
-0.341295 0.125368 
1
3
8 2 12 6 0 -1
14 2 6 3 0 2
8 5 6 3 0 2
haar_x2_y2
-0.015582 0 -1
-0.302404 0.215110 
1
2
0 4 17 4 0 -1
0 6 17 2 0 2
haar_y2
-0.002740 0 -1
0.076553 -0.410605 
1
2
16 16 5 8 0 -1
16 20 5 4 0 2
haar_y2
-0.070600 0 -1
-0.973562 0.112418 
1
2
3 16 5 8 0 -1
3 20 5 4 0 2
haar_y2
-0.011706 0 -1
0.185607 -0.297552 
1
2
6 18 18 2 0 -1
6 19 18 1 0 2
haar_y2
0.000715 0 -1
-0.059650 0.248247 
1
2
0 0 12 5 0 -1
4 0 4 5 0 3
haar_x3
-0.036866 0 -1
0.327517 -0.230596 
1
3
14 3 6 12 0 -1
17 3 3 6 0 2
14 9 3 6 0 2
haar_x2_y2
-0.032527 0 -1
-0.293203 0.154277 
1
2
0 12 6 12 0 -1
2 12 2 12 0 3
haar_x3
-0.074814 0 -1
-1.214357 -0.052244 
1
2
2 3 21 3 0 -1
2 4 21 1 0 3
haar_y3
0.041470 0 -1
0.130625 -2.327437 
1
3
4 3 6 12 0 -1
4 3 3 6 0 2
7 9 3 6 0 2
haar_x2_y2
-0.028880 0 -1
-0.660746 -0.009096 
1
3
12 8 12 6 0 -1
18 8 6 3 0 2
12 11 6 3 0 2
haar_x2_y2
0.046382 0 -1
0.166302 -0.669495 
1
2
0 15 16 9 0 -1
8 15 8 9 0 2
haar_x2
0.254250 0 -1
-0.054642 -1.267608 
1
2
6 13 18 5 0 -1
6 13 9 5 0 2
haar_x2
0.002400 0 -1
0.202768 0.014668 
1
2
1 6 15 6 0 -1
6 6 5 6 0 3
haar_x3
-0.082806 0 -1
-0.787136 -0.024469 
1
2
11 9 9 6 0 -1
14 9 3 6 0 3
haar_x3
-0.011438 0 -1
0.286234 -0.030894 
1
2
3 0 15 11 0 -1
8 0 5 11 0 3
haar_x3
-0.129134 0 -1
1.729293 -0.142939 
1
2
15 3 3 18 0 -1
15 9 3 6 0 3
haar_y3
0.038553 0 -1
0.019233 0.377326 
1
2
6 3 3 18 0 -1
6 9 3 6 0 3
haar_y3
0.101914 0 -1
-0.074534 -3.386890 
1
3
9 5 10 8 0 -1
14 5 5 4 0 2
9 9 5 4 0 2
haar_x2_y2
-0.019068 0 -1
0.318141 0.019261 
1
3
4 4 16 8 0 -1
4 4 8 4 0 2
12 8 8 4 0 2
haar_x2_y2
-0.060775 0 -1
0.769363 -0.176440 
1
2
7 7 12 3 0 -1
7 7 6 3 0 2
haar_x2
0.024680 0 -1
0.183965 -0.308688 
1
2
5 0 9 13 0 -1
8 0 3 13 0 3
haar_x3
0.026759 0 -1
-0.234549 0.330566 
1
2
11 0 6 9 0 -1
13 0 2 9 0 3
haar_x3
0.014970 0 -1
0.172136 -0.182489 
1
2
7 0 6 9 0 -1
9 0 2 9 0 3
haar_x3
0.026143 0 -1
-0.046464 -1.131838 
1
2
8 1 10 9 0 -1
8 4 10 3 0 3
haar_y3
-0.037512 0 -1
0.804040 0.069660 
1
2
0 2 18 2 0 -1
0 3 18 1 0 2
haar_y2
-0.005323 0 -1
-0.818844 -0.018225 
1
3
10 13 14 6 0 -1
17 13 7 3 0 2
10 16 7 3 0 2
haar_x2_y2
0.017813 0 -1
0.149578 -0.186672 
1
3
0 13 14 6 0 -1
0 13 7 3 0 2
7 16 7 3 0 2
haar_x2_y2
-0.034010 0 -1
-0.728523 -0.016616 
1
2
20 2 3 21 0 -1
21 2 1 21 0 3
haar_x3
-0.015953 0 -1
0.569440 0.013832 
1
2
0 9 5 12 0 -1
0 13 5 4 0 3
haar_y3
0.019744 0 -1
0.040525 -0.417734 
1
2
12 6 12 6 0 -1
12 8 12 2 0 3
haar_y3
-0.103748 0 -1
-1.982515 0.119602 
1
2
1 8 20 3 0 -1
1 9 20 1 0 3
haar_y3
-0.019285 0 -1
0.502306 -0.197459 
1
2
5 7 19 3 0 -1
5 8 19 1 0 3
haar_y3
-0.012780 0 -1
0.401950 -0.026958 
1
2
1 12 9 6 0 -1
1 14 9 2 0 3
haar_y3
-0.016353 0 -1
-0.766088 -0.024209 
1
2
6 10 14 12 0 -1
6 14 14 4 0 3
haar_y3
-0.127637 0 -1
0.865785 0.064206 
1
2
5 6 14 18 0 -1
5 12 14 6 0 3
haar_y3
0.019069 0 -1
-0.559298 -0.001688 
1
2
11 12 9 7 0 -1
14 12 3 7 0 3
haar_x3
0.032481 0 -1
0.040722 0.489251 
1
2
1 15 18 4 0 -1
1 17 18 2 0 2
haar_y2
0.009485 0 -1
-0.192319 0.511397 
1
2
11 14 6 9 0 -1
11 17 6 3 0 3
haar_y3
0.005047 0 -1
0.187068 -0.161136 
1
3
0 8 18 4 0 -1
0 8 9 2 0 2
9 10 9 2 0 2
haar_x2_y2
0.041268 0 -1
-0.048818 -1.132630 
1
3
3 10 20 6 0 -1
13 10 10 3 0 2
3 13 10 3 0 2
haar_x2_y2
-0.076359 0 -1
1.416939 0.087320 
1
3
1 10 20 6 0 -1
1 10 10 3 0 2
11 13 10 3 0 2
haar_x2_y2
-0.072835 0 -1
1.318986 -0.148191 
1
2
0 9 24 2 0 -1
0 9 12 2 0 2
haar_x2
0.059577 0 -1
0.048377 0.856118 
1
3
1 12 20 8 0 -1
1 12 10 4 0 2
11 16 10 4 0 2
haar_x2_y2
0.020264 0 -1
-0.210441 0.338590 
1
2
11 12 9 7 0 -1
14 12 3 7 0 3
haar_x3
-0.080301 0 -1
-1.246440 0.118571 
1
2
4 12 9 7 0 -1
7 12 3 7 0 3
haar_x3
-0.017835 0 -1
0.257823 -0.245648 
1
2
12 12 8 5 0 -1
12 12 4 5 0 2
haar_x2
0.011431 0 -1
0.229498 -0.294976 
1
2
4 12 8 5 0 -1
8 12 4 5 0 2
haar_x2
-0.025541 0 -1
-0.862530 -0.000704 
1
2
13 10 4 10 0 -1
13 10 2 10 0 2
haar_x2
-0.000769 0 -1
0.315114 -0.143490 
1
2
1 15 20 2 0 -1
11 15 10 2 0 2
haar_x2
-0.014454 0 -1
0.251485 -0.282329 
1
2
9 10 6 6 0 -1
9 10 3 6 0 2
haar_x2
0.008673 0 -1
0.266014 -0.281908 
-3.210350
