181
1
2
4 0 16 9 0 -1
4 3 16 3 0 3
haar_y3
0.043274 0 -1
-0.804944 0.398973 
1
2
0 1 24 5 0 -1
8 1 8 5 0 3
haar_x3
0.186155 0 -1
-0.316553 0.688773 
1
2
3 6 6 15 0 -1
3 11 6 5 0 3
haar_y3
0.031861 0 -1
-0.642662 0.255509 
1
2
9 6 6 9 0 -1
11 6 2 9 0 3
haar_x3
0.014022 0 -1
-0.459266 0.311712 
1
2
0 17 18 3 0 -1
0 18 18 1 0 3
haar_y3
-0.006303 0 -1
0.460269 -0.274385 
1
2
6 22 18 2 0 -1
6 23 18 1 0 2
haar_y2
-0.005431 0 -1
0.366086 -0.272058 
1
2
2 12 6 9 0 -1
2 15 6 3 0 3
haar_y3
0.016823 0 -1
0.023477 -0.884438 
1
2
18 12 6 9 0 -1
18 15 6 3 0 3
haar_y3
0.026039 0 -1
0.174888 -0.545647 
1
2
0 12 6 9 0 -1
0 15 6 3 0 3
haar_y3
-0.026720 0 -1
-0.963965 0.023525 
1
2
11 14 4 10 0 -1
11 19 4 5 0 2
haar_y2
-0.017042 0 -1
-0.708488 0.214681 
1
2
9 6 6 16 0 -1
9 14 6 8 0 2
haar_y2
0.005957 0 -1
0.073601 -0.682256 
1
2
7 7 10 10 0 -1
7 12 10 5 0 2
haar_y2
-0.002868 0 -1
-0.749350 0.238034 
1
2
1 3 6 13 0 -1
3 3 2 13 0 3
haar_x3
-0.043775 0 -1
0.683233 -0.213803 
1
2
18 1 6 13 0 -1
18 1 3 13 0 2
haar_x2
0.051633 0 -1
-0.125665 0.675238 
1
2
5 1 6 9 0 -1
7 1 2 9 0 3
haar_x3
0.008178 0 -1
0.070690 -0.806659 
1
2
18 2 6 11 0 -1
18 2 3 11 0 2
haar_x2
-0.052842 0 -1
0.954339 0.016548 
1
2
0 2 6 11 0 -1
3 2 3 11 0 2
haar_x2
0.052584 0 -1
-0.284144 0.471298 
1
2
9 12 15 6 0 -1
9 14 15 2 0 3
haar_y3
-0.012659 0 -1
0.384454 -0.062288 
1
2
2 2 20 3 0 -1
2 3 20 1 0 3
haar_y3
0.011694 0 -1
0.000056 -1.017314 
1
2
10 6 4 9 0 -1
10 6 2 9 0 2
haar_x2
-0.023919 0 -1
0.849213 0.005740 
1
3
5 6 12 14 0 -1
5 6 6 7 0 2
11 13 6 7 0 2
haar_x2_y2
-0.061674 0 -1
-0.925714 -0.001768 
1
2
9 0 6 9 0 -1
11 0 2 9 0 3
haar_x3
-0.001828 0 -1
-0.543723 0.249324 
1
2
7 0 9 6 0 -1
10 0 3 6 0 3
haar_x3
0.035258 0 -1
-0.007372 -0.939640 
1
2
10 6 6 9 0 -1
12 6 2 9 0 3
haar_x3
-0.018438 0 -1
0.721367 0.010492 
1
3
4 1 12 20 0 -1
4 1 6 10 0 2
10 11 6 10 0 2
haar_x2_y2
-0.038389 0 -1
0.192726 -0.358321 
1
2
6 7 18 3 0 -1
6 7 9 3 0 2
haar_x2
0.099721 0 -1
0.113542 -1.630419 
1
2
0 7 18 3 0 -1
9 7 9 3 0 2
haar_x2
0.084462 0 -1
-0.053421 -1.698112 
1
2
3 20 18 3 0 -1
9 20 6 3 0 3
haar_x3
0.040270 0 -1
-0.107832 0.519266 
1
2
9 6 6 9 0 -1
11 6 2 9 0 3
haar_x3
0.058936 0 -1
-0.180537 0.951198 
1
2
6 2 12 15 0 -1
10 2 4 15 0 3
haar_x3
0.149570 0 -1
0.167853 -1.159187 
1
2
2 3 18 3 0 -1
2 4 18 1 0 3
haar_y3
0.000694 0 -1
0.204914 -0.331182 
1
3
19 4 4 18 0 -1
21 4 2 9 0 2
19 13 2 9 0 2
haar_x2_y2
-0.033369 0 -1
0.934681 -0.002964 
1
2
0 1 19 3 0 -1
0 2 19 1 0 3
haar_y3
0.009376 0 -1
0.003700 -0.775498 
1
2
5 0 15 4 0 -1
5 2 15 2 0 2
haar_y2
0.043194 0 -1
-0.002204 0.745897 
1
2
5 2 14 5 0 -1
12 2 7 5 0 2
haar_x2
-0.067555 0 -1
0.722921 -0.184042 
1
2
1 2 22 14 0 -1
1 2 11 14 0 2
haar_x2
-0.311686 0 -1
1.001427 0.034003 
1
2
8 15 6 9 0 -1
10 15 2 9 0 3
haar_x3
0.029744 0 -1
-0.046356 -1.278181 
1
2
6 17 18 3 0 -1
6 18 18 1 0 3
haar_y3
0.010737 0 -1
0.014812 0.666500 
1
2
9 6 3 18 0 -1
9 12 3 6 0 3
haar_y3
-0.028841 0 -1
-0.942226 -0.020797 
1
2
2 0 20 3 0 -1
2 1 20 1 0 3
haar_y3
-0.005765 0 -1
-0.435419 0.233860 
1
2
5 4 5 12 0 -1
5 8 5 4 0 3
haar_y3
0.028411 0 -1
-0.176158 0.857653 
1
2
8 6 12 5 0 -1
12 6 4 5 0 3
haar_x3
-0.029008 0 -1
0.579781 0.028566 
1
3
9 12 6 12 0 -1
9 12 3 6 0 2
12 18 3 6 0 2
haar_x2_y2
0.024966 0 -1
-0.022729 -0.967731 
1
3
14 14 8 10 0 -1
18 14 4 5 0 2
14 19 4 5 0 2
haar_x2_y2
0.012036 0 -1
-0.142147 0.516880 
1
3
2 14 8 10 0 -1
2 14 4 5 0 2
6 19 4 5 0 2
haar_x2_y2
-0.042514 0 -1
0.972738 -0.181198 
1
3
10 18 12 6 0 -1
16 18 6 3 0 2
10 21 6 3 0 2
haar_x2_y2
0.010276 0 -1
-0.083100 0.317628 
1
2
1 3 6 9 0 -1
1 6 6 3 0 3
haar_y3
-0.069192 0 -1
-2.066858 -0.060174 
1
2
11 3 3 20 0 -1
12 3 1 20 0 3
haar_x3
-0.004677 0 -1
0.441318 0.023209 
1
3
4 6 14 6 0 -1
4 6 7 3 0 2
11 9 7 3 0 2
haar_x2_y2
-0.013924 0 -1
0.286067 -0.291527 
1
2
6 5 12 13 0 -1
10 5 4 13 0 3
haar_x3
-0.015334 0 -1
-0.574145 0.230633 
1
2
5 4 4 15 0 -1
5 9 4 5 0 3
haar_y3
-0.010239 0 -1
0.344792 -0.260804 
1
2
9 16 15 4 0 -1
14 16 5 4 0 3
haar_x3
-0.050989 0 -1
0.561541 0.061219 
1
3
7 8 6 14 0 -1
7 8 3 7 0 2
10 15 3 7 0 2
haar_x2_y2
0.030690 0 -1
-0.147728 1.637849 
1
2
7 6 10 6 0 -1
7 8 10 2 0 3
haar_y3
-0.011224 0 -1
0.240062 -0.448649 
1
2
2 5 18 3 0 -1
2 6 18 1 0 3
haar_y3
-0.006290 0 -1
0.431195 -0.238090 
1
2
5 1 15 8 0 -1
5 5 15 4 0 2
haar_y2
0.078591 0 -1
0.019865 0.808538 
1
2
7 1 8 18 0 -1
7 10 8 9 0 2
haar_y2
-0.010179 0 -1
0.181932 -0.328778 
1
2
0 10 24 3 0 -1
0 11 24 1 0 3
haar_y3
0.031227 0 -1
0.149739 -1.418034 
1
2
0 2 6 13 0 -1
2 2 2 13 0 3
haar_x3
0.040197 0 -1
-0.197605 0.585082 
1
3
16 0 8 10 0 -1
20 0 4 5 0 2
16 5 4 5 0 2
haar_x2_y2
0.016138 0 -1
0.000500 0.390500 
1
2
5 1 10 9 0 -1
5 4 10 3 0 3
haar_y3
-0.045519 0 -1
1.264682 -0.156326 
1
2
5 6 18 3 0 -1
5 7 18 1 0 3
haar_y3
-0.018130 0 -1
0.651485 0.010236 
1
2
0 1 24 3 0 -1
0 2 24 1 0 3
haar_y3
-0.014002 0 -1
-1.034482 -0.032183 
1
2
11 4 6 11 0 -1
13 4 2 11 0 3
haar_x3
-0.038816 0 -1
-0.478743 0.162907 
1
3
0 0 8 10 0 -1
0 0 4 5 0 2
4 5 4 5 0 2
haar_x2_y2
0.031656 0 -1
-0.209834 0.545759 
1
2
4 16 18 3 0 -1
4 17 18 1 0 3
haar_y3
-0.010840 0 -1
0.518988 -0.015080 
1
2
2 16 18 3 0 -1
2 17 18 1 0 3
haar_y3
0.012033 0 -1
-0.211076 0.759370 
1
3
3 0 18 10 0 -1
12 0 9 5 0 2
3 5 9 5 0 2
haar_x2_y2
0.070773 0 -1
0.180488 -0.740485 
1
2
2 3 20 21 0 -1
12 3 10 21 0 2
haar_x2
0.531398 0 -1
-0.144917 1.536004 
1
2
6 7 14 3 0 -1
6 7 7 3 0 2
haar_x2
-0.014774 0 -1
-0.281537 0.204073 
1
3
0 9 12 6 0 -1
0 9 6 3 0 2
6 12 6 3 0 2
haar_x2_y2
-0.002241 0 -1
-0.448763 0.053989 
1
2
3 14 21 4 0 -1
10 14 7 4 0 3
haar_x3
0.049968 0 -1
0.041514 0.294171 
1
2
0 14 21 4 0 -1
7 14 7 4 0 3
haar_x3
-0.047702 0 -1
0.396743 -0.283018 
1
2
5 21 18 3 0 -1
11 21 6 3 0 3
haar_x3
-0.091311 0 -1
2.199426 0.087965 
1
2
1 21 18 3 0 -1
7 21 6 3 0 3
haar_x3
0.038070 0 -1
-0.280256 0.251562 
1
3
19 4 4 18 0 -1
21 4 2 9 0 2
19 13 2 9 0 2
haar_x2_y2
-0.015539 0 -1
0.341575 0.017925 
1
2
3 7 18 3 0 -1
3 8 18 1 0 3
haar_y3
-0.015446 0 -1
0.286802 -0.251359 
1
3
19 4 4 18 0 -1
21 4 2 9 0 2
19 13 2 9 0 2
haar_x2_y2
-0.057388 0 -1
0.638300 0.088598 
1
2
7 15 10 6 0 -1
7 17 10 2 0 3
haar_y3
-0.005944 0 -1
0.079017 -0.407749 
1
2
9 13 11 9 0 -1
9 16 11 3 0 3
haar_y3
-0.069969 0 -1
-0.446442 0.172196 
1
2
0 6 4 10 0 -1
0 11 4 5 0 2
haar_y2
-0.025065 0 -1
-0.982702 -0.035388 
1
2
15 16 9 6 0 -1
15 18 9 2 0 3
haar_y3
0.017216 0 -1
0.227059 -0.805501 
1
3
1 5 4 18 0 -1
1 5 2 9 0 2
3 14 2 9 0 2
haar_x2_y2
-0.044279 0 -1
0.839520 -0.174296 
1
3
9 8 8 10 0 -1
13 8 4 5 0 2
9 13 4 5 0 2
haar_x2_y2
0.043989 0 -1
0.115572 -1.966689 
1
3
7 8 8 10 0 -1
7 8 4 5 0 2
11 13 4 5 0 2
haar_x2_y2
0.015907 0 -1
-0.037576 -1.031110 
1
2
9 8 12 5 0 -1
13 8 4 5 0 3
haar_x3
-0.092755 0 -1
-1.353002 0.121413 
1
2
7 8 9 7 0 -1
10 8 3 7 0 3
haar_x3
0.071037 0 -1
-0.176843 0.744852 
1
2
9 8 12 5 0 -1
13 8 4 5 0 3
haar_x3
0.057762 0 -1
0.128356 -0.444442 
1
2
7 6 9 7 0 -1
10 6 3 7 0 3
haar_x3
-0.016432 0 -1
0.801527 -0.174917 
1
2
9 8 12 5 0 -1
13 8 4 5 0 3
haar_x3
0.023939 0 -1
0.161450 -0.123645 
1
2
10 5 4 18 0 -1
10 11 4 6 0 3
haar_y3
0.012636 0 -1
0.154120 -0.332938 
1
2
5 5 14 12 0 -1
5 11 14 6 0 2
haar_y2
-0.054348 0 -1
-1.840070 0.148360 
1
2
0 1 11 4 0 -1
0 3 11 2 0 2
haar_y2
-0.013262 0 -1
-0.808388 -0.027726 
1
2
9 10 6 10 0 -1
11 10 2 10 0 3
haar_x3
0.006134 0 -1
-0.137850 0.328585 
1
2
2 17 11 6 0 -1
2 19 11 2 0 3
haar_y3
0.028991 0 -1
-0.025517 -0.833872 
1
2
15 16 9 6 0 -1
15 18 9 2 0 3
haar_y3
-0.021986 0 -1
-0.737400 0.178871 
1
2
1 10 18 2 0 -1
1 11 18 1 0 2
haar_y2
0.005327 0 -1
-0.454493 0.068791 
1
2
6 4 12 13 0 -1
10 4 4 13 0 3
haar_x3
0.086048 0 -1
0.210085 -0.378089 
1
2
0 18 18 3 0 -1
0 19 18 1 0 3
haar_y3
-0.008555 0 -1
0.401350 -0.210741 
1
2
6 18 18 3 0 -1
6 19 18 1 0 3
haar_y3
0.006779 0 -1
-0.021649 0.454215 
1
2
0 16 9 6 0 -1
0 18 9 2 0 3
haar_y3
-0.006396 0 -1
-0.498186 0.075908 
1
2
13 15 9 6 0 -1
13 17 9 2 0 3
haar_y3
0.008947 0 -1
0.178577 -0.284549 
1
2
2 15 9 6 0 -1
2 17 9 2 0 3
haar_y3
0.003259 0 -1
0.046625 -0.552063 
1
2
13 1 6 16 0 -1
13 1 3 16 0 2
haar_x2
0.041477 0 -1
0.175505 -0.207040 
1
2
5 1 6 16 0 -1
8 1 3 16 0 2
haar_x2
-0.006745 0 -1
-0.463926 0.069304 
1
2
11 5 6 10 0 -1
13 5 2 10 0 3
haar_x3
0.030565 0 -1
0.051735 0.755505 
1
2
7 5 6 10 0 -1
9 5 2 10 0 3
haar_x3
-0.007478 0 -1
0.148939 -0.319068 
1
2
10 0 6 24 0 -1
12 0 2 24 0 3
haar_x3
0.089089 0 -1
0.137388 -1.137971 
1
3
3 4 4 20 0 -1
3 4 2 10 0 2
5 14 2 10 0 2
haar_x2_y2
0.007323 0 -1
-0.288292 0.190886 
1
2
14 0 6 9 0 -1
16 0 2 9 0 3
haar_x3
-0.018205 0 -1
-0.301786 0.167958 
1
2
4 0 6 9 0 -1
6 0 2 9 0 3
haar_x3
-0.025828 0 -1
-0.981380 -0.019861 
1
2
4 5 18 5 0 -1
10 5 6 5 0 3
haar_x3
0.109362 0 -1
0.048790 0.531183 
1
2
5 6 6 9 0 -1
7 6 2 9 0 3
haar_x3
-0.011425 0 -1
0.237060 -0.279253 
1
2
7 2 15 8 0 -1
12 2 5 8 0 3
haar_x3
-0.057566 0 -1
0.472554 0.065171 
1
2
2 2 15 8 0 -1
7 2 5 8 0 3
haar_x3
0.102783 0 -1
-0.207651 0.509477 
1
2
10 0 4 9 0 -1
10 0 2 9 0 2
haar_x2
0.027042 0 -1
0.164212 -1.450862 
1
3
3 4 6 12 0 -1
3 4 3 6 0 2
6 10 3 6 0 2
haar_x2_y2
-0.013635 0 -1
-0.565439 0.023789 
1
2
16 0 8 18 0 -1
16 0 4 18 0 2
haar_x2
-0.321582 0 -1
-3.560283 0.118013 
1
2
0 0 8 18 0 -1
4 0 4 18 0 2
haar_x2
0.204581 0 -1
-0.037016 -1.022550 
1
2
0 7 24 6 0 -1
0 9 24 2 0 3
haar_y3
-0.070347 0 -1
-0.564919 0.185252 
1
2
4 7 14 3 0 -1
11 7 7 3 0 2
haar_x2
0.037831 0 -1
-0.029902 -0.829215 
1
2
10 8 8 15 0 -1
10 8 4 15 0 2
haar_x2
-0.070298 0 -1
-0.531723 0.144302 
1
2
7 0 10 14 0 -1
12 0 5 14 0 2
haar_x2
0.063221 0 -1
-0.220412 0.479522 
1
3
13 10 8 10 0 -1
17 10 4 5 0 2
13 15 4 5 0 2
haar_x2_y2
0.036393 0 -1
0.142227 -0.611939 
1
2
3 0 4 9 0 -1
5 0 2 9 0 2
haar_x2
0.004010 0 -1
-0.345608 0.117387 
1
2
16 1 6 8 0 -1
16 1 3 8 0 2
haar_x2
-0.049106 0 -1
0.959841 0.064935 
1
2
2 1 6 8 0 -1
5 1 3 8 0 2
haar_x2
-0.071583 0 -1
1.738567 -0.142529 
1
2
3 6 18 12 0 -1
3 10 18 4 0 3
haar_y3
-0.038009 0 -1
1.387282 0.066188 
1
2
4 12 16 4 0 -1
4 14 16 2 0 2
haar_y2
-0.003157 0 -1
0.053677 -0.540480 
1
2
4 9 16 15 0 -1
4 14 16 5 0 3
haar_y3
0.019459 0 -1
-0.093620 0.391310 
1
3
3 10 8 10 0 -1
3 10 4 5 0 2
7 15 4 5 0 2
haar_x2_y2
0.011294 0 -1
0.037224 -0.542518 
1
3
8 18 16 6 0 -1
16 18 8 3 0 2
8 21 8 3 0 2
haar_x2_y2
-0.033495 0 -1
0.953079 0.037697 
1
2
2 16 12 5 0 -1
6 16 4 5 0 3
haar_x3
0.092035 0 -1
-0.134884 2.289707 
1
2
14 14 9 4 0 -1
14 16 9 2 0 2
haar_y2
0.003753 0 -1
0.228242 -0.599837 
1
2
7 14 9 6 0 -1
7 16 9 2 0 3
haar_y3
0.012848 0 -1
-0.220052 0.372219 
1
2
4 10 16 12 0 -1
4 14 16 4 0 3
haar_y3
-0.143162 0 -1
1.285579 0.047237 
1
2
0 13 19 6 0 -1
0 15 19 2 0 3
haar_y3
-0.096880 0 -1
-3.955093 -0.072904 
1
2
10 13 9 6 0 -1
10 15 9 2 0 3
haar_y3
-0.008846 0 -1
0.376750 -0.046484 
1
2
5 0 3 23 0 -1
6 0 1 23 0 3
haar_x3
0.015900 0 -1
-0.024457 -0.800348 
1
2
0 8 24 6 0 -1
0 10 24 2 0 3
haar_y3
0.070372 0 -1
0.170190 -0.630690 
1
2
0 5 5 12 0 -1
0 9 5 4 0 3
haar_y3
-0.037954 0 -1
-0.936672 -0.041214 
1
2
3 0 19 18 0 -1
3 9 19 9 0 2
haar_y2
0.515979 0 -1
0.130806 -1.580229 
1
3
9 11 6 12 0 -1
9 11 3 6 0 2
12 17 3 6 0 2
haar_x2_y2
-0.032843 0 -1
-1.144162 -0.049174 
1
3
0 5 24 8 0 -1
12 5 12 4 0 2
0 9 12 4 0 2
haar_x2_y2
-0.036357 0 -1
0.496064 -0.034459 
1
2
6 18 9 4 0 -1
6 20 9 2 0 2
haar_y2
0.006808 0 -1
-0.309978 0.170548 
1
2
8 8 10 6 0 -1
8 10 10 2 0 3
haar_y3
-0.016114 0 -1
-0.379046 0.160790 
1
2
2 7 20 3 0 -1
2 8 20 1 0 3
haar_y3
0.008453 0 -1
-0.186555 0.563677 
1
2
12 0 7 20 0 -1
12 10 7 10 0 2
haar_y2
-0.137524 0 -1
-0.589899 0.117495 
1
2
5 0 7 20 0 -1
5 10 7 10 0 2
haar_y2
0.176880 0 -1
-0.154249 0.929111 
1
2
14 2 2 18 0 -1
14 11 2 9 0 2
haar_y2
0.007931 0 -1
0.321907 -0.163926 
1
2
5 8 10 12 0 -1
10 8 5 12 0 2
haar_x2
0.109718 0 -1
-0.158765 1.018626 
1
3
6 9 12 8 0 -1
12 9 6 4 0 2
6 13 6 4 0 2
haar_x2_y2
-0.030293 0 -1
0.755873 0.031795 
1
2
7 7 3 14 0 -1
7 14 3 7 0 2
haar_y2
-0.023118 0 -1
-0.884515 -0.009504 
1
3
11 2 12 16 0 -1
17 2 6 8 0 2
11 10 6 8 0 2
haar_x2_y2
-0.003090 0 -1
0.238383 -0.116062 
1
2
7 0 6 9 0 -1
9 0 2 9 0 3
haar_x3
-0.033392 0 -1
-1.873814 -0.068503 
1
2
13 14 9 4 0 -1
13 16 9 2 0 2
haar_y2
0.013190 0 -1
0.129199 -0.675122 
1
3
0 12 22 4 0 -1
0 12 11 2 0 2
11 14 11 2 0 2
haar_x2_y2
0.014661 0 -1
-0.024829 -0.743968 
1
3
1 12 22 6 0 -1
12 12 11 3 0 2
1 15 11 3 0 2
haar_x2_y2
-0.013248 0 -1
0.468202 -0.024165 
1
2
6 6 9 6 0 -1
9 6 3 6 0 3
haar_x3
-0.016219 0 -1
0.400838 -0.212557 
1
2
10 0 4 9 0 -1
10 0 2 9 0 2
haar_x2
-0.029052 0 -1
-1.565002 0.143759 
1
2
3 8 18 7 0 -1
9 8 6 7 0 3
haar_x3
-0.101532 0 -1
-1.922069 -0.069560 
1
2
0 6 24 6 0 -1
0 8 24 2 0 3
haar_y3
0.037754 0 -1
0.133968 -2.263914 
1
2
0 11 24 10 0 -1
8 11 8 10 0 3
haar_x3
-0.285556 0 -1
1.021527 -0.152322 
1
2
3 3 18 21 0 -1
9 3 6 21 0 3
haar_x3
0.153607 0 -1
-0.097409 0.416624 
1
2
7 12 4 10 0 -1
9 12 2 10 0 2
haar_x2
-0.000212 0 -1
0.112719 -0.416540 
1
3
10 16 10 8 0 -1
15 16 5 4 0 2
10 20 5 4 0 2
haar_x2_y2
-0.020598 0 -1
0.605405 0.062468 
1
2
8 6 6 9 0 -1
10 6 2 9 0 3
haar_x3
0.037354 0 -1
-0.189190 0.464647 
1
3
12 10 6 12 0 -1
15 10 3 6 0 2
12 16 3 6 0 2
haar_x2_y2
0.057275 0 -1
0.115653 -1.321301 
1
3
6 10 6 12 0 -1
6 10 3 6 0 2
9 16 3 6 0 2
haar_x2_y2
0.005103 0 -1
-0.280615 0.193134 
1
3
16 12 6 12 0 -1
19 12 3 6 0 2
16 18 3 6 0 2
haar_x2_y2
-0.054645 0 -1
0.724285 0.075448 
1
3
2 12 6 12 0 -1
2 12 3 6 0 2
5 18 3 6 0 2
haar_x2_y2
0.025349 0 -1
-0.194818 0.460328 
1
2
10 15 6 9 0 -1
12 15 2 9 0 3
haar_x3
0.024311 0 -1
0.155641 -0.499139 
1
2
8 15 6 9 0 -1
10 15 2 9 0 3
haar_x3
0.035962 0 -1
-0.058573 -1.541840 
1
2
14 20 10 4 0 -1
14 20 5 4 0 2
haar_x2
-0.100007 0 -1
-1.610004 0.114505 
1
2
0 20 10 4 0 -1
5 20 5 4 0 2
haar_x2
0.084436 0 -1
-0.061407 -1.467335 
1
2
11 17 9 6 0 -1
11 19 9 2 0 3
haar_y3
0.015948 0 -1
0.162879 -0.110264 
1
2
3 2 14 4 0 -1
3 4 14 2 0 2
haar_y2
0.033824 0 -1
-0.179327 0.572184 
1
2
10 1 10 4 0 -1
10 3 10 2 0 2
haar_y2
-0.061996 0 -1
4.651181 0.094534 
1
2
0 15 10 4 0 -1
5 15 5 4 0 2
haar_x2
0.069877 0 -1
-0.169859 0.870290 
1
2
19 2 3 19 0 -1
20 2 1 19 0 3
haar_x3
-0.027917 0 -1
0.910425 0.056827 
1
2
4 12 9 8 0 -1
7 12 3 8 0 3
haar_x3
-0.012764 0 -1
0.220667 -0.277691 
-3.319641
