159
1
2
4 4 15 9 0 -1
4 7 15 3 0 3
haar_y3
-0.081809 0 -1
0.571248 -0.674388 
1
2
0 1 24 6 0 -1
8 1 8 6 0 3
haar_x3
0.217612 0 -1
-0.386102 0.903440 
1
2
9 6 5 16 0 -1
9 14 5 8 0 2
haar_y2
0.014878 0 -1
0.222416 -1.277935 
1
2
3 21 18 3 0 -1
9 21 6 3 0 3
haar_x3
0.052435 0 -1
-0.286904 0.757423 
1
2
6 5 3 12 0 -1
6 11 3 6 0 2
haar_y2
0.009143 0 -1
-0.648804 0.222688 
1
2
11 6 4 9 0 -1
11 6 2 9 0 2
haar_x2
0.007917 0 -1
-0.292536 0.310302 
1
2
5 6 9 8 0 -1
8 6 3 8 0 3
haar_x3
-0.026084 0 -1
0.455327 -0.385006 
1
2
4 3 20 2 0 -1
4 4 20 1 0 2
haar_y2
-0.002940 0 -1
-0.512644 0.274323 
1
2
2 10 18 3 0 -1
8 10 6 3 0 3
haar_x3
0.057130 0 -1
0.015788 -1.213310 
1
2
7 15 10 6 0 -1
7 17 10 2 0 3
haar_y3
-0.006131 0 -1
0.391746 -0.308668 
1
3
1 4 4 18 0 -1
1 4 2 9 0 2
3 13 2 9 0 2
haar_x2_y2
-0.040405 0 -1
1.190195 -0.203471 
1
2
13 0 6 9 0 -1
15 0 2 9 0 3
haar_x3
-0.020297 0 -1
-0.682395 0.204587 
1
2
5 0 6 9 0 -1
7 0 2 9 0 3
haar_x3
-0.017189 0 -1
-0.849399 0.038433 
1
2
11 0 6 9 0 -1
13 0 2 9 0 3
haar_x3
-0.024216 0 -1
-1.103942 0.159751 
1
2
6 7 9 6 0 -1
9 7 3 6 0 3
haar_x3
0.056869 0 -1
-0.195953 1.180685 
1
2
3 0 18 2 0 -1
3 1 18 1 0 2
haar_y2
0.000362 0 -1
-0.408478 0.329386 
1
3
0 10 20 4 0 -1
0 10 10 2 0 2
10 12 10 2 0 2
haar_x2_y2
0.009979 0 -1
-0.296730 0.415479 
1
2
10 2 4 12 0 -1
10 8 4 6 0 2
haar_y2
-0.052625 0 -1
-1.306930 0.178626 
1
3
6 5 6 12 0 -1
6 5 3 6 0 2
9 11 3 6 0 2
haar_x2_y2
-0.013749 0 -1
0.236658 -0.445366 
1
3
6 0 18 22 0 -1
15 0 9 11 0 2
6 11 9 11 0 2
haar_x2_y2
-0.030517 0 -1
0.290183 -0.112101 
1
3
0 0 18 22 0 -1
0 0 9 11 0 2
9 11 9 11 0 2
haar_x2_y2
-0.300375 0 -1
-2.423768 -0.042831 
1
2
18 2 6 11 0 -1
20 2 2 11 0 3
haar_x3
-0.035991 0 -1
0.882065 -0.047013 
1
2
0 2 6 11 0 -1
2 2 2 11 0 3
haar_x3
-0.055112 0 -1
0.801190 -0.204910 
1
2
11 0 6 9 0 -1
13 0 2 9 0 3
haar_x3
0.033762 0 -1
0.146176 -1.134949 
1
2
0 0 20 3 0 -1
0 1 20 1 0 3
haar_y3
-0.008271 0 -1
-0.816049 0.018988 
1
2
2 2 20 2 0 -1
2 3 20 1 0 2
haar_y2
-0.005440 0 -1
-0.709809 0.223437 
1
2
1 10 18 2 0 -1
1 11 18 1 0 2
haar_y2
0.003106 0 -1
-0.728086 0.040225 
1
2
18 7 6 9 0 -1
18 10 6 3 0 3
haar_y3
0.053652 0 -1
0.171709 -1.116371 
1
2
0 0 22 9 0 -1
0 3 22 3 0 3
haar_y3
-0.125414 0 -1
2.768037 -0.146115 
1
2
17 3 6 9 0 -1
17 6 6 3 0 3
haar_y3
0.092542 0 -1
0.116098 -3.963553 
1
2
0 7 6 9 0 -1
0 10 6 3 0 3
haar_y3
0.038514 0 -1
-0.007640 -0.987809 
1
2
0 6 24 6 0 -1
0 8 24 2 0 3
haar_y3
-0.002020 0 -1
0.230600 -0.749703 
1
2
0 2 6 10 0 -1
2 2 2 10 0 3
haar_x3
0.009760 0 -1
-0.311380 0.302878 
1
2
10 6 6 9 0 -1
12 6 2 9 0 3
haar_x3
0.024095 0 -1
-0.049530 0.526901 
1
2
7 0 6 9 0 -1
9 0 2 9 0 3
haar_x3
-0.017982 0 -1
-1.161064 -0.005700 
1
2
15 0 6 9 0 -1
17 0 2 9 0 3
haar_x3
-0.010555 0 -1
-0.271891 0.235977 
1
2
3 0 6 9 0 -1
5 0 2 9 0 3
haar_x3
-0.007289 0 -1
-0.542191 0.081914 
1
2
15 17 9 6 0 -1
15 19 9 2 0 3
haar_y3
0.023939 0 -1
0.179758 -0.670495 
1
2
0 17 18 3 0 -1
0 18 18 1 0 3
haar_y3
-0.018366 0 -1
0.626643 -0.209701 
1
2
15 14 9 6 0 -1
15 16 9 2 0 3
haar_y3
0.015716 0 -1
0.241937 -1.044431 
1
2
0 15 23 6 0 -1
0 17 23 2 0 3
haar_y3
-0.048804 0 -1
-0.940606 -0.003752 
1
2
5 15 18 3 0 -1
5 16 18 1 0 3
haar_y3
0.006713 0 -1
-0.075432 0.615753 
1
2
0 14 9 6 0 -1
0 16 9 2 0 3
haar_y3
0.009777 0 -1
0.039285 -0.848103 
1
3
9 8 8 10 0 -1
13 8 4 5 0 2
9 13 4 5 0 2
haar_x2_y2
0.014745 0 -1
0.169690 -0.509064 
1
2
3 7 15 6 0 -1
8 7 5 6 0 3
haar_x3
0.097079 0 -1
-0.033103 -1.270638 
1
3
9 8 8 10 0 -1
13 8 4 5 0 2
9 13 4 5 0 2
haar_x2_y2
0.048286 0 -1
0.094330 2.720319 
1
2
5 0 6 12 0 -1
8 0 3 12 0 2
haar_x2
0.009781 0 -1
-0.395334 0.153638 
1
3
9 8 8 10 0 -1
13 8 4 5 0 2
9 13 4 5 0 2
haar_x2_y2
-0.039894 0 -1
-0.227674 0.139140 
1
2
8 5 6 9 0 -1
10 5 2 9 0 3
haar_x3
0.022848 0 -1
-0.273920 0.341995 
1
3
10 6 4 18 0 -1
12 6 2 9 0 2
10 15 2 9 0 2
haar_x2_y2
0.006718 0 -1
-0.108743 0.481254 
1
2
5 7 12 4 0 -1
11 7 6 4 0 2
haar_x2
0.059600 0 -1
-0.049522 -2.011709 
1
3
9 8 8 10 0 -1
13 8 4 5 0 2
9 13 4 5 0 2
haar_x2_y2
0.006934 0 -1
0.150375 -0.112719 
1
3
7 8 8 10 0 -1
7 8 4 5 0 2
11 13 4 5 0 2
haar_x2_y2
0.015757 0 -1
-0.020885 -1.165198 
1
3
11 10 6 14 0 -1
14 10 3 7 0 2
11 17 3 7 0 2
haar_x2_y2
-0.049690 0 -1
-0.802135 0.143723 
1
2
9 5 6 19 0 -1
12 5 3 19 0 2
haar_x2
0.052347 0 -1
-0.208367 0.616776 
1
3
6 12 12 6 0 -1
12 12 6 3 0 2
6 15 6 3 0 2
haar_x2_y2
0.022431 0 -1
0.203059 -0.753262 
1
3
1 9 18 6 0 -1
1 9 9 3 0 2
10 12 9 3 0 2
haar_x2_y2
0.041142 0 -1
-0.181182 1.003336 
1
3
16 14 8 10 0 -1
20 14 4 5 0 2
16 19 4 5 0 2
haar_x2_y2
-0.021632 0 -1
0.499990 -0.034663 
1
3
0 9 22 8 0 -1
0 9 11 4 0 2
11 13 11 4 0 2
haar_x2_y2
-0.082808 0 -1
1.171190 -0.184336 
1
3
8 18 12 6 0 -1
14 18 6 3 0 2
8 21 6 3 0 2
haar_x2_y2
0.008506 0 -1
-0.063225 0.290249 
1
3
0 6 20 18 0 -1
0 6 10 9 0 2
10 15 10 9 0 2
haar_x2_y2
0.078905 0 -1
-0.232745 0.596958 
1
3
3 6 20 12 0 -1
13 6 10 6 0 2
3 12 10 6 0 2
haar_x2_y2
-0.090207 0 -1
-0.822119 0.177722 
1
3
0 16 10 8 0 -1
0 16 5 4 0 2
5 20 5 4 0 2
haar_x2_y2
-0.029269 0 -1
0.608607 -0.214689 
1
2
6 16 18 3 0 -1
6 17 18 1 0 3
haar_y3
0.006950 0 -1
-0.042666 0.605121 
1
2
0 11 19 3 0 -1
0 12 19 1 0 3
haar_y3
-0.008063 0 -1
-1.150827 -0.027286 
1
2
14 6 6 9 0 -1
14 9 6 3 0 3
haar_y3
0.019596 0 -1
-0.009188 0.568578 
1
3
1 7 22 4 0 -1
1 7 11 2 0 2
12 9 11 2 0 2
haar_x2_y2
-0.014885 0 -1
0.376588 -0.271495 
1
2
13 6 7 12 0 -1
13 10 7 4 0 3
haar_y3
0.025217 0 -1
-0.099991 0.246647 
1
2
4 7 11 9 0 -1
4 10 11 3 0 3
haar_y3
-0.015856 0 -1
0.668267 -0.206147 
1
3
12 10 10 8 0 -1
17 10 5 4 0 2
12 14 5 4 0 2
haar_x2_y2
0.029441 0 -1
0.158322 -0.760609 
1
2
2 12 9 7 0 -1
5 12 3 7 0 3
haar_x3
-0.008528 0 -1
0.382123 -0.254078 
1
2
16 14 6 9 0 -1
16 17 6 3 0 3
haar_y3
0.024422 0 -1
0.151051 -0.287529 
1
2
3 12 6 12 0 -1
3 16 6 4 0 3
haar_y3
-0.033887 0 -1
-0.680028 0.034327 
1
2
14 13 6 6 0 -1
14 16 6 3 0 2
haar_y2
-0.002081 0 -1
0.254139 -0.268591 
1
2
8 0 6 9 0 -1
10 0 2 9 0 3
haar_x3
0.030359 0 -1
-0.030842 -1.147681 
1
2
9 1 6 23 0 -1
11 1 2 23 0 3
haar_x3
0.004021 0 -1
-0.352538 0.298681 
1
2
0 16 9 6 0 -1
0 18 9 2 0 3
haar_y3
0.027681 0 -1
-0.038149 -1.326204 
1
2
4 17 18 3 0 -1
4 18 18 1 0 3
haar_y3
0.007904 0 -1
-0.023737 0.705030 
1
2
5 2 13 14 0 -1
5 9 13 7 0 2
haar_y2
0.044031 0 -1
0.106749 -0.452612 
1
3
15 0 8 12 0 -1
19 0 4 6 0 2
15 6 4 6 0 2
haar_x2_y2
-0.032371 0 -1
0.466749 -0.061547 
1
3
0 0 8 12 0 -1
0 0 4 6 0 2
4 6 4 6 0 2
haar_x2_y2
0.020933 0 -1
-0.284479 0.438456 
1
2
8 2 8 7 0 -1
8 2 4 7 0 2
haar_x2
0.025228 0 -1
-0.022537 0.703891 
1
2
1 1 6 9 0 -1
3 1 2 9 0 3
haar_x3
0.006552 0 -1
-0.325549 0.240237 
1
3
14 8 6 12 0 -1
17 8 3 6 0 2
14 14 3 6 0 2
haar_x2_y2
-0.058558 0 -1
-1.222772 0.116688 
1
3
4 8 6 12 0 -1
4 8 3 6 0 2
7 14 3 6 0 2
haar_x2_y2
0.031900 0 -1
-0.019305 -1.097317 
1
2
16 5 5 15 0 -1
16 10 5 5 0 3
haar_y3
-0.030445 0 -1
0.655825 0.075091 
1
2
3 5 5 15 0 -1
3 10 5 5 0 3
haar_y3
0.014933 0 -1
-0.521558 0.115231 
1
2
18 4 6 9 0 -1
18 7 6 3 0 3
haar_y3
-0.049008 0 -1
-0.783040 0.166572 
1
2
1 7 6 15 0 -1
1 12 6 5 0 3
haar_y3
0.083159 0 -1
-0.002688 -0.852823 
1
3
11 15 12 8 0 -1
17 15 6 4 0 2
11 19 6 4 0 2
haar_x2_y2
0.023903 0 -1
-0.051011 0.419991 
1
3
0 2 24 4 0 -1
0 2 12 2 0 2
12 4 12 2 0 2
haar_x2_y2
0.016429 0 -1
0.019233 -0.650491 
1
2
15 1 2 19 0 -1
15 1 1 19 0 2
haar_x2
-0.011838 0 -1
-0.624098 0.154112 
1
2
7 1 2 19 0 -1
8 1 1 19 0 2
haar_x2
-0.000168 0 -1
0.175892 -0.343387 
1
2
22 1 2 20 0 -1
22 1 1 20 0 2
haar_x2
0.019194 0 -1
0.043419 0.790692 
1
2
0 1 2 20 0 -1
1 1 1 20 0 2
haar_x2
-0.010032 0 -1
0.456489 -0.224948 
1
2
18 11 6 12 0 -1
20 11 2 12 0 3
haar_x3
-0.014004 0 -1
0.335710 -0.004880 
1
2
0 11 6 12 0 -1
2 11 2 12 0 3
haar_x3
-0.103199 0 -1
-2.337800 -0.058933 
1
2
3 6 18 14 0 -1
3 13 18 7 0 2
haar_y2
-0.095697 0 -1
-0.661539 0.200986 
1
2
6 10 7 8 0 -1
6 14 7 4 0 2
haar_y2
-0.041481 0 -1
0.459392 -0.223141 
1
2
7 9 12 12 0 -1
7 13 12 4 0 3
haar_y3
0.002410 0 -1
-0.268986 0.249230 
1
2
2 18 18 5 0 -1
11 18 9 5 0 2
haar_x2
0.107250 0 -1
-0.186402 0.727698 
1
2
4 21 20 3 0 -1
4 22 20 1 0 3
haar_y3
0.003187 0 -1
-0.024609 0.286439 
1
3
9 12 6 12 0 -1
9 12 3 6 0 2
12 18 3 6 0 2
haar_x2_y2
0.029167 0 -1
-0.034683 -1.116258 
1
2
4 6 18 3 0 -1
4 7 18 1 0 3
haar_y3
0.011287 0 -1
0.006376 0.666321 
1
2
3 6 18 3 0 -1
3 7 18 1 0 3
haar_y3
-0.012001 0 -1
0.424201 -0.262798 
1
2
18 4 6 9 0 -1
18 7 6 3 0 3
haar_y3
-0.012696 0 -1
-0.021957 0.189368 
1
2
2 12 9 6 0 -1
2 14 9 2 0 3
haar_y3
0.024597 0 -1
-0.034964 -1.098932 
1
3
4 14 18 4 0 -1
13 14 9 2 0 2
4 16 9 2 0 2
haar_x2_y2
0.045953 0 -1
0.111098 -2.930605 
1
3
7 7 6 14 0 -1
7 7 3 7 0 2
10 14 3 7 0 2
haar_x2_y2
-0.027241 0 -1
0.291017 -0.274079 
1
3
7 13 12 6 0 -1
13 13 6 3 0 2
7 16 6 3 0 2
haar_x2_y2
0.040064 0 -1
0.118779 -0.628018 
1
2
6 7 12 9 0 -1
10 7 4 9 0 3
haar_x3
0.023055 0 -1
0.148138 -0.370075 
1
2
12 12 6 6 0 -1
12 12 3 6 0 2
haar_x2
-0.023737 0 -1
-0.537248 0.193582 
1
2
0 2 4 10 0 -1
0 7 4 5 0 2
haar_y2
0.077522 0 -1
-0.060194 -1.948967 
1
2
8 0 9 6 0 -1
11 0 3 6 0 3
haar_x3
-0.013345 0 -1
-0.452296 0.187415 
1
2
2 9 12 6 0 -1
2 12 12 3 0 2
haar_y2
-0.021720 0 -1
1.214425 -0.153658 
1
2
13 10 6 9 0 -1
13 13 6 3 0 3
haar_y3
-0.071475 0 -1
-2.304713 0.109999 
1
2
5 10 6 9 0 -1
5 13 6 3 0 3
haar_y3
-0.005500 0 -1
-0.718552 0.020101 
1
2
9 15 9 6 0 -1
9 17 9 2 0 3
haar_y3
0.026741 0 -1
0.073545 0.987860 
1
2
5 16 12 6 0 -1
5 19 12 3 0 2
haar_y2
-0.039408 0 -1
-1.222738 -0.043507 
1
2
3 2 20 3 0 -1
3 3 20 1 0 3
haar_y3
0.025889 0 -1
0.134093 -1.177078 
1
2
2 5 12 6 0 -1
6 5 4 6 0 3
haar_x3
0.048925 0 -1
-0.030810 -0.934795 
1
2
11 0 3 24 0 -1
12 0 1 24 0 3
haar_x3
0.036893 0 -1
0.133337 -1.499829 
1
2
3 16 15 4 0 -1
8 16 5 4 0 3
haar_x3
0.078930 0 -1
-0.145388 1.563179 
1
2
9 12 6 12 0 -1
9 18 6 6 0 2
haar_y2
0.029006 0 -1
0.193837 -0.676428 
1
3
1 15 12 8 0 -1
1 15 6 4 0 2
7 19 6 4 0 2
haar_x2_y2
0.006309 0 -1
-0.374654 0.108575 
1
3
15 10 8 14 0 -1
19 10 4 7 0 2
15 17 4 7 0 2
haar_x2_y2
-0.065831 0 -1
0.810594 0.030202 
1
3
1 9 8 14 0 -1
1 9 4 7 0 2
5 16 4 7 0 2
haar_x2_y2
-0.068965 0 -1
0.837726 -0.171410 
1
2
9 11 9 10 0 -1
9 16 9 5 0 2
haar_y2
-0.116691 0 -1
-0.946472 0.131232 
1
2
6 7 12 6 0 -1
6 9 12 2 0 3
haar_y3
-0.001306 0 -1
0.046008 -0.520116 
1
2
10 15 6 9 0 -1
12 15 2 9 0 3
haar_x3
-0.044559 0 -1
-1.942367 0.132007 
1
2
7 8 9 7 0 -1
10 8 3 7 0 3
haar_x3
0.051033 0 -1
-0.214810 0.486739 
1
3
10 4 8 10 0 -1
14 4 4 5 0 2
10 9 4 5 0 2
haar_x2_y2
-0.031578 0 -1
0.599898 0.007916 
1
2
4 6 6 9 0 -1
4 9 6 3 0 3
haar_y3
0.021020 0 -1
-0.220695 0.540462 
1
2
0 6 24 12 0 -1
8 6 8 12 0 3
haar_x3
-0.138242 0 -1
0.629575 -0.021713 
1
2
3 7 6 14 0 -1
6 7 3 14 0 2
haar_x2
0.052229 0 -1
-0.233609 0.497608 
1
2
19 8 5 8 0 -1
19 12 5 4 0 2
haar_y2
0.025884 0 -1
0.180420 -0.220392 
1
2
0 8 5 8 0 -1
0 12 5 4 0 2
haar_y2
-0.012139 0 -1
-0.697319 0.015712 
1
2
17 3 6 6 0 -1
17 6 6 3 0 2
haar_y2
-0.024238 0 -1
0.345933 0.071470 
1
2
1 3 6 6 0 -1
1 6 6 3 0 2
haar_y2
-0.025272 0 -1
-0.875833 -0.009824 
1
2
18 2 6 9 0 -1
18 5 6 3 0 3
haar_y3
0.012597 0 -1
0.236500 -0.287312 
1
2
0 2 6 9 0 -1
0 5 6 3 0 3
haar_y3
0.057331 0 -1
-0.061531 -2.232604 
1
2
3 3 18 6 0 -1
3 5 18 2 0 3
haar_y3
0.016671 0 -1
-0.198501 0.408107 
1
2
2 3 9 6 0 -1
2 5 9 2 0 3
haar_y3
-0.022819 0 -1
0.964876 -0.202457 
1
3
9 3 10 8 0 -1
14 3 5 4 0 2
9 7 5 4 0 2
haar_x2_y2
0.000037 0 -1
-0.058909 0.270554 
1
3
5 3 10 8 0 -1
5 3 5 4 0 2
10 7 5 4 0 2
haar_x2_y2
-0.007670 0 -1
-0.453171 0.089628 
1
2
10 11 6 12 0 -1
10 11 3 12 0 2
haar_x2
0.094086 0 -1
0.116046 -1.095117 
1
2
8 11 6 11 0 -1
11 11 3 11 0 2
haar_x2
-0.062267 0 -1
1.809653 -0.147732 
1
2
7 8 10 4 0 -1
7 8 5 4 0 2
haar_x2
0.017416 0 -1
0.230682 -0.424176 
1
2
9 6 6 7 0 -1
12 6 3 7 0 2
haar_x2
-0.022066 0 -1
0.492703 -0.206309 
1
2
5 18 18 3 0 -1
5 19 18 1 0 3
haar_y3
-0.010404 0 -1
0.609243 0.028130 
1
2
8 4 6 9 0 -1
10 4 2 9 0 3
haar_x3
-0.009367 0 -1
0.401712 -0.216817 
1
2
8 1 9 7 0 -1
11 1 3 7 0 3
haar_x3
-0.029040 0 -1
-0.848765 0.142468 
1
2
6 11 6 6 0 -1
9 11 3 6 0 2
haar_x2
-0.021062 0 -1
-0.791983 -0.012596 
1
2
14 12 4 11 0 -1
14 12 2 11 0 2
haar_x2
-0.037001 0 -1
-0.674889 0.128304 
1
2
6 12 4 11 0 -1
8 12 2 11 0 2
haar_x2
0.010736 0 -1
0.036780 -0.633930 
1
2
8 0 12 18 0 -1
12 0 4 18 0 3
haar_x3
0.163676 0 -1
0.138039 -0.471890 
1
2
2 12 10 5 0 -1
7 12 5 5 0 2
haar_x2
0.094918 0 -1
-0.138557 1.949242 
1
2
2 20 22 3 0 -1
2 21 22 1 0 3
haar_y3
0.035262 0 -1
0.137219 -2.118653 
1
2
0 4 2 20 0 -1
1 4 1 20 0 2
haar_x2
0.012811 0 -1
-0.200081 0.495078 
-3.593964
