16
1
2
6 6 12 6 0 -1
6 8 12 2 0 3
haar_y3
-0.021110 0 -1
1.243565 -1.571301 
1
2
6 4 12 7 0 -1
10 4 4 7 0 3
haar_x3
0.020356 0 -1
-1.620478 1.181776 
1
2
1 8 19 12 0 -1
1 12 19 4 0 3
haar_y3
0.021309 0 -1
-1.941593 0.700691 
1
2
0 2 24 3 0 -1
8 2 8 3 0 3
haar_x3
0.091660 0 -1
-0.556701 1.728442 
1
2
9 9 6 15 0 -1
9 14 6 5 0 3
haar_y3
0.036288 0 -1
0.267638 -2.183181 
1
2
5 6 14 10 0 -1
5 11 14 5 0 2
haar_y2
-0.019110 0 -1
-2.673021 0.456708 
1
2
5 0 14 9 0 -1
5 3 14 3 0 3
haar_y3
0.008254 0 -1
-1.085291 0.535642 
1
2
13 11 9 6 0 -1
16 11 3 6 0 3
haar_x3
0.018355 0 -1
-0.352002 0.933392 
1
2
7 5 6 10 0 -1
9 5 2 10 0 3
haar_x3
-0.007057 0 -1
0.927821 -0.663499 
1
2
10 8 6 10 0 -1
12 8 2 10 0 3
haar_x3
-0.009877 0 -1
1.157747 -0.297748 
1
2
2 5 4 9 0 -1
4 5 2 9 0 2
haar_x2
0.015814 0 -1
-0.419606 1.357604 
1
2
18 0 6 11 0 -1
20 0 2 11 0 3
haar_x3
-0.020700 0 -1
1.459002 -0.197394 
1
2
0 6 24 13 0 -1
8 6 8 13 0 3
haar_x3
-0.137608 0 -1
1.118676 -0.529155 
1
2
9 6 6 9 0 -1
11 6 2 9 0 3
haar_x3
0.014319 0 -1
-0.351272 1.144086 
1
2
7 18 10 6 0 -1
7 20 10 2 0 3
haar_y3
0.010253 0 -1
-0.608506 0.770985 
1
2
5 7 14 12 0 -1
5 13 14 6 0 2
haar_y2
0.091508 0 -1
0.388178 -1.512294 
-4.984240
